0.0000000000e+000 1.4637844197e-001
2.0000000000e+000 1.4637844197e-001
2.0000000000e+000 1.4750787563e-001
4.0000000000e+000 1.4750787563e-001
4.0000000000e+000 1.4864373420e-001
6.0000000000e+000 1.4864373420e-001
6.0000000000e+000 1.4978603205e-001
8.0000000000e+000 1.4978603205e-001
8.0000000000e+000 1.5093478332e-001
1.0000000000e+001 1.5093478332e-001
1.0000000000e+001 1.5209000199e-001
1.2000000000e+001 1.5209000199e-001
1.2000000000e+001 1.5325170183e-001
1.4000000000e+001 1.5325170183e-001
1.4000000000e+001 1.5441989643e-001
1.6000000000e+001 1.5441989643e-001
1.6000000000e+001 1.5559459915e-001
1.8000000000e+001 1.5559459915e-001
1.8000000000e+001 1.5677582320e-001
2.0000000000e+001 1.5677582320e-001
2.0000000000e+001 1.5796358154e-001
2.2000000000e+001 1.5796358154e-001
2.2000000000e+001 1.5915788695e-001
2.4000000000e+001 1.5915788695e-001
2.4000000000e+001 1.6035875201e-001
2.6000000000e+001 1.6035875201e-001
2.6000000000e+001 1.6156618907e-001
2.8000000000e+001 1.6156618907e-001
2.8000000000e+001 1.6278021028e-001
3.0000000000e+001 1.6278021028e-001
3.0000000000e+001 1.6400082757e-001
3.2000000000e+001 1.6400082757e-001
3.2000000000e+001 1.6522805266e-001
3.4000000000e+001 1.6522805266e-001
3.4000000000e+001 1.6646189705e-001
3.6000000000e+001 1.6646189705e-001
3.6000000000e+001 1.6770237202e-001
3.8000000000e+001 1.6770237202e-001
3.8000000000e+001 1.6894948863e-001
4.0000000000e+001 1.6894948863e-001
4.0000000000e+001 1.7020325769e-001
4.2000000000e+001 1.7020325769e-001
4.2000000000e+001 1.7146368981e-001
4.4000000000e+001 1.7146368981e-001
4.4000000000e+001 1.7273079536e-001
4.6000000000e+001 1.7273079536e-001
4.6000000000e+001 1.7400458448e-001
4.8000000000e+001 1.7400458448e-001
4.8000000000e+001 1.7528506707e-001
5.0000000000e+001 1.7528506707e-001
5.0000000000e+001 1.7657225279e-001
5.2000000000e+001 1.7657225279e-001
5.2000000000e+001 1.7786615107e-001
5.4000000000e+001 1.7786615107e-001
5.4000000000e+001 1.7916677110e-001
5.6000000000e+001 1.7916677110e-001
5.6000000000e+001 1.8047412180e-001
5.8000000000e+001 1.8047412180e-001
5.8000000000e+001 1.8178821187e-001
6.0000000000e+001 1.8178821187e-001
6.0000000000e+001 1.8310904976e-001
6.2000000000e+001 1.8310904976e-001
6.2000000000e+001 1.8443664364e-001
6.4000000000e+001 1.8443664364e-001
6.4000000000e+001 1.8577100147e-001
6.6000000000e+001 1.8577100147e-001
6.6000000000e+001 1.8711213091e-001
6.8000000000e+001 1.8711213091e-001
6.8000000000e+001 1.8846003940e-001
7.0000000000e+001 1.8846003940e-001
7.0000000000e+001 1.8981473409e-001
7.2000000000e+001 1.8981473409e-001
7.2000000000e+001 1.9117622188e-001
7.4000000000e+001 1.9117622188e-001
7.4000000000e+001 1.9254450939e-001
7.6000000000e+001 1.9254450939e-001
7.6000000000e+001 1.9391960301e-001
7.8000000000e+001 1.9391960301e-001
7.8000000000e+001 1.9530150881e-001
8.0000000000e+001 1.9530150881e-001
8.0000000000e+001 1.9669023263e-001
8.2000000000e+001 1.9669023263e-001
8.2000000000e+001 1.9808578000e-001
8.4000000000e+001 1.9808578000e-001
8.4000000000e+001 1.9948815621e-001
8.6000000000e+001 1.9948815621e-001
8.6000000000e+001 2.0089736623e-001
8.8000000000e+001 2.0089736623e-001
8.8000000000e+001 2.0231341479e-001
9.0000000000e+001 2.0231341479e-001
9.0000000000e+001 2.0373630629e-001
9.2000000000e+001 2.0373630629e-001
9.2000000000e+001 2.0516604489e-001
9.4000000000e+001 2.0516604489e-001
9.4000000000e+001 2.0660263444e-001
9.6000000000e+001 2.0660263444e-001
9.6000000000e+001 2.0804607848e-001
9.8000000000e+001 2.0804607848e-001
9.8000000000e+001 2.0949638030e-001
1.0000000000e+002 2.0949638030e-001
1.0000000000e+002 2.1095354286e-001
1.0200000000e+002 2.1095354286e-001
1.0200000000e+002 2.1241756884e-001
1.0400000000e+002 2.1241756884e-001
1.0400000000e+002 2.1388846060e-001
1.0600000000e+002 2.1388846060e-001
1.0600000000e+002 2.1536622024e-001
1.0800000000e+002 2.1536622024e-001
1.0800000000e+002 2.1685084950e-001
1.1000000000e+002 2.1685084950e-001
1.1000000000e+002 2.1834234986e-001
1.1200000000e+002 2.1834234986e-001
1.1200000000e+002 2.1984072247e-001
1.1400000000e+002 2.1984072247e-001
1.1400000000e+002 2.2134596817e-001
1.1600000000e+002 2.2134596817e-001
1.1600000000e+002 2.2285808749e-001
1.1800000000e+002 2.2285808749e-001
1.1800000000e+002 2.2437708065e-001
1.2000000000e+002 2.2437708065e-001
1.2000000000e+002 2.2590294754e-001
1.2200000000e+002 2.2590294754e-001
1.2200000000e+002 2.2743568775e-001
1.2400000000e+002 2.2743568775e-001
1.2400000000e+002 2.2897530053e-001
1.2600000000e+002 2.2897530053e-001
1.2600000000e+002 2.3052178481e-001
1.2800000000e+002 2.3052178481e-001
1.2800000000e+002 2.3207513920e-001
1.3000000000e+002 2.3207513920e-001
1.3000000000e+002 2.3363536198e-001
1.3200000000e+002 2.3363536198e-001
1.3200000000e+002 2.3520245110e-001
1.3400000000e+002 2.3520245110e-001
1.3400000000e+002 2.3677640417e-001
1.3600000000e+002 2.3677640417e-001
1.3600000000e+002 2.3835721849e-001
1.3800000000e+002 2.3835721849e-001
1.3800000000e+002 2.3994489099e-001
1.4000000000e+002 2.3994489099e-001
1.4000000000e+002 2.4153941829e-001
1.4200000000e+002 2.4153941829e-001
1.4200000000e+002 2.4314079664e-001
1.4400000000e+002 2.4314079664e-001
1.4400000000e+002 2.4474902199e-001
1.4600000000e+002 2.4474902199e-001
1.4600000000e+002 2.4636408991e-001
1.4800000000e+002 2.4636408991e-001
1.4800000000e+002 2.4798599563e-001
1.5000000000e+002 2.4798599563e-001
1.5000000000e+002 2.4961473405e-001
1.5200000000e+002 2.4961473405e-001
1.5200000000e+002 2.5125029969e-001
1.5400000000e+002 2.5125029969e-001
1.5400000000e+002 2.5289268674e-001
1.5600000000e+002 2.5289268674e-001
1.5600000000e+002 2.5454188903e-001
1.5800000000e+002 2.5454188903e-001
1.5800000000e+002 2.5619790003e-001
1.6000000000e+002 2.5619790003e-001
1.6000000000e+002 2.5786071286e-001
1.6200000000e+002 2.5786071286e-001
1.6200000000e+002 2.5953032028e-001
1.6400000000e+002 2.5953032028e-001
1.6400000000e+002 2.6120671467e-001
1.6600000000e+002 2.6120671467e-001
1.6600000000e+002 2.6288988807e-001
1.6800000000e+002 2.6288988807e-001
1.6800000000e+002 2.6457983213e-001
1.7000000000e+002 2.6457983213e-001
1.7000000000e+002 2.6627653816e-001
1.7200000000e+002 2.6627653816e-001
1.7200000000e+002 2.6797999708e-001
1.7400000000e+002 2.6797999708e-001
1.7400000000e+002 2.6969019944e-001
1.7600000000e+002 2.6969019944e-001
1.7600000000e+002 2.7140713543e-001
1.7800000000e+002 2.7140713543e-001
1.7800000000e+002 2.7313079486e-001
1.8000000000e+002 2.7313079486e-001
1.8000000000e+002 2.7486116716e-001
1.8200000000e+002 2.7486116716e-001
1.8200000000e+002 2.7659824137e-001
1.8400000000e+002 2.7659824137e-001
1.8400000000e+002 2.7834200618e-001
1.8600000000e+002 2.7834200618e-001
1.8600000000e+002 2.8009244987e-001
1.8800000000e+002 2.8009244987e-001
1.8800000000e+002 2.8184956036e-001
1.9000000000e+002 2.8184956036e-001
1.9000000000e+002 2.8361332516e-001
1.9200000000e+002 2.8361332516e-001
1.9200000000e+002 2.8538373142e-001
1.9400000000e+002 2.8538373142e-001
1.9400000000e+002 2.8716076587e-001
1.9600000000e+002 2.8716076587e-001
1.9600000000e+002 2.8894441488e-001
1.9800000000e+002 2.8894441488e-001
1.9800000000e+002 2.9073466442e-001
2.0000000000e+002 2.9073466442e-001
2.0000000000e+002 2.9253150006e-001
2.0200000000e+002 2.9253150006e-001
2.0200000000e+002 2.9433490697e-001
2.0400000000e+002 2.9433490697e-001
2.0400000000e+002 2.9614486995e-001
2.0600000000e+002 2.9614486995e-001
2.0600000000e+002 2.9796137338e-001
2.0800000000e+002 2.9796137338e-001
2.0800000000e+002 2.9978440124e-001
2.1000000000e+002 2.9978440124e-001
2.1000000000e+002 3.0161393712e-001
2.1200000000e+002 3.0161393712e-001
2.1200000000e+002 3.0344996421e-001
2.1400000000e+002 3.0344996421e-001
2.1400000000e+002 3.0529246528e-001
2.1600000000e+002 3.0529246528e-001
2.1600000000e+002 3.0714142271e-001
2.1800000000e+002 3.0714142271e-001
2.1800000000e+002 3.0899681847e-001
2.2000000000e+002 3.0899681847e-001
2.2000000000e+002 3.1085863413e-001
2.2200000000e+002 3.1085863413e-001
2.2200000000e+002 3.1272685084e-001
2.2400000000e+002 3.1272685084e-001
2.2400000000e+002 3.1460144933e-001
2.2600000000e+002 3.1460144933e-001
2.2600000000e+002 3.1648240996e-001
2.2800000000e+002 3.1648240996e-001
2.2800000000e+002 3.1836971262e-001
2.3000000000e+002 3.1836971262e-001
2.3000000000e+002 3.2026333683e-001
2.3200000000e+002 3.2026333683e-001
2.3200000000e+002 3.2216326168e-001
2.3400000000e+002 3.2216326168e-001
2.3400000000e+002 3.2406946585e-001
2.3600000000e+002 3.2406946585e-001
2.3600000000e+002 3.2598192759e-001
2.3800000000e+002 3.2598192759e-001
2.3800000000e+002 3.2790062474e-001
2.4000000000e+002 3.2790062474e-001
2.4000000000e+002 3.2982553471e-001
2.4200000000e+002 3.2982553471e-001
2.4200000000e+002 3.3175663452e-001
2.4400000000e+002 3.3175663452e-001
2.4400000000e+002 3.3369390073e-001
2.4600000000e+002 3.3369390073e-001
2.4600000000e+002 3.3563730949e-001
2.4800000000e+002 3.3563730949e-001
2.4800000000e+002 3.3758683655e-001
2.5000000000e+002 3.3758683655e-001
2.5000000000e+002 3.3954245720e-001
2.5200000000e+002 3.3954245720e-001
2.5200000000e+002 3.4150414632e-001
2.5400000000e+002 3.4150414632e-001
2.5400000000e+002 3.4347187837e-001
2.5600000000e+002 3.4347187837e-001
2.5600000000e+002 3.4544562738e-001
2.5800000000e+002 3.4544562738e-001
2.5800000000e+002 3.4742536693e-001
2.6000000000e+002 3.4742536693e-001
2.6000000000e+002 3.4941107020e-001
2.6200000000e+002 3.4941107020e-001
2.6200000000e+002 3.5140270993e-001
2.6400000000e+002 3.5140270993e-001
2.6400000000e+002 3.5340025843e-001
2.6600000000e+002 3.5340025843e-001
2.6600000000e+002 3.5540368757e-001
2.6800000000e+002 3.5540368757e-001
2.6800000000e+002 3.5741296879e-001
2.7000000000e+002 3.5741296879e-001
2.7000000000e+002 3.5942807312e-001
2.7200000000e+002 3.5942807312e-001
2.7200000000e+002 3.6144897111e-001
2.7400000000e+002 3.6144897111e-001
2.7400000000e+002 3.6347563293e-001
2.7600000000e+002 3.6347563293e-001
2.7600000000e+002 3.6550802827e-001
2.7800000000e+002 3.6550802827e-001
2.7800000000e+002 3.6754612642e-001
2.8000000000e+002 3.6754612642e-001
2.8000000000e+002 3.6958989621e-001
2.8200000000e+002 3.6958989621e-001
2.8200000000e+002 3.7163930603e-001
2.8400000000e+002 3.7163930603e-001
2.8400000000e+002 3.7369432387e-001
2.8600000000e+002 3.7369432387e-001
2.8600000000e+002 3.7575491723e-001
2.8800000000e+002 3.7575491723e-001
2.8800000000e+002 3.7782105322e-001
2.9000000000e+002 3.7782105322e-001
2.9000000000e+002 3.7989269849e-001
2.9200000000e+002 3.7989269849e-001
2.9200000000e+002 3.8196981924e-001
2.9400000000e+002 3.8196981924e-001
2.9400000000e+002 3.8405238126e-001
2.9600000000e+002 3.8405238126e-001
2.9600000000e+002 3.8614034988e-001
2.9800000000e+002 3.8614034988e-001
2.9800000000e+002 3.8823368999e-001
3.0000000000e+002 3.8823368999e-001
3.0000000000e+002 3.9033236606e-001
3.0200000000e+002 3.9033236606e-001
3.0200000000e+002 3.9243634209e-001
3.0400000000e+002 3.9243634209e-001
3.0400000000e+002 3.9454558167e-001
3.0600000000e+002 3.9454558167e-001
3.0600000000e+002 3.9666004794e-001
3.0800000000e+002 3.9666004794e-001
3.0800000000e+002 3.9877970359e-001
3.1000000000e+002 3.9877970359e-001
3.1000000000e+002 4.0090451088e-001
3.1200000000e+002 4.0090451088e-001
3.1200000000e+002 4.0303443163e-001
3.1400000000e+002 4.0303443163e-001
3.1400000000e+002 4.0516942722e-001
3.1600000000e+002 4.0516942722e-001
3.1600000000e+002 4.0730945857e-001
3.1800000000e+002 4.0730945857e-001
3.1800000000e+002 4.0945448620e-001
3.2000000000e+002 4.0945448620e-001
3.2000000000e+002 4.1160447016e-001
3.2200000000e+002 4.1160447016e-001
3.2200000000e+002 4.1375937006e-001
3.2400000000e+002 4.1375937006e-001
3.2400000000e+002 4.1591914508e-001
3.2600000000e+002 4.1591914508e-001
3.2600000000e+002 4.1808375397e-001
3.2800000000e+002 4.1808375397e-001
3.2800000000e+002 4.2025315502e-001
3.3000000000e+002 4.2025315502e-001
3.3000000000e+002 4.2242730610e-001
3.3200000000e+002 4.2242730610e-001
3.3200000000e+002 4.2460616463e-001
3.3400000000e+002 4.2460616463e-001
3.3400000000e+002 4.2678968759e-001
3.3600000000e+002 4.2678968759e-001
3.3600000000e+002 4.2897783153e-001
3.3800000000e+002 4.2897783153e-001
3.3800000000e+002 4.3117055256e-001
3.4000000000e+002 4.3117055256e-001
3.4000000000e+002 4.3336780636e-001
3.4200000000e+002 4.3336780636e-001
3.4200000000e+002 4.3556954816e-001
3.4400000000e+002 4.3556954816e-001
3.4400000000e+002 4.3777573276e-001
3.4600000000e+002 4.3777573276e-001
3.4600000000e+002 4.3998631454e-001
3.4800000000e+002 4.3998631454e-001
3.4800000000e+002 4.4220124741e-001
3.5000000000e+002 4.4220124741e-001
3.5000000000e+002 4.4442048489e-001
3.5200000000e+002 4.4442048489e-001
3.5200000000e+002 4.4664398003e-001
3.5400000000e+002 4.4664398003e-001
3.5400000000e+002 4.4887168547e-001
3.5600000000e+002 4.4887168547e-001
3.5600000000e+002 4.5110355342e-001
3.5800000000e+002 4.5110355342e-001
3.5800000000e+002 4.5333953563e-001
3.6000000000e+002 4.5333953563e-001
3.6000000000e+002 4.5557958344e-001
3.6200000000e+002 4.5557958344e-001
3.6200000000e+002 4.5782364778e-001
3.6400000000e+002 4.5782364778e-001
3.6400000000e+002 4.6007167913e-001
3.6600000000e+002 4.6007167913e-001
3.6600000000e+002 4.6232362753e-001
3.6800000000e+002 4.6232362753e-001
3.6800000000e+002 4.6457944262e-001
3.7000000000e+002 4.6457944262e-001
3.7000000000e+002 4.6683907360e-001
3.7200000000e+002 4.6683907360e-001
3.7200000000e+002 4.6910246925e-001
3.7400000000e+002 4.6910246925e-001
3.7400000000e+002 4.7136957793e-001
3.7600000000e+002 4.7136957793e-001
3.7600000000e+002 4.7364034758e-001
3.7800000000e+002 4.7364034758e-001
3.7800000000e+002 4.7591472570e-001
3.8000000000e+002 4.7591472570e-001
3.8000000000e+002 4.7819265939e-001
3.8200000000e+002 4.7819265939e-001
3.8200000000e+002 4.8047409532e-001
3.8400000000e+002 4.8047409532e-001
3.8400000000e+002 4.8275897976e-001
3.8600000000e+002 4.8275897976e-001
3.8600000000e+002 4.8504725855e-001
3.8800000000e+002 4.8504725855e-001
3.8800000000e+002 4.8733887712e-001
3.9000000000e+002 4.8733887712e-001
3.9000000000e+002 4.8963378048e-001
3.9200000000e+002 4.8963378048e-001
3.9200000000e+002 4.9193191323e-001
3.9400000000e+002 4.9193191323e-001
3.9400000000e+002 4.9423321958e-001
3.9600000000e+002 4.9423321958e-001
3.9600000000e+002 4.9653764330e-001
3.9800000000e+002 4.9653764330e-001
3.9800000000e+002 4.9884512778e-001
4.0000000000e+002 4.9884512778e-001
4.0000000000e+002 5.0115561599e-001
4.0200000000e+002 5.0115561599e-001
4.0200000000e+002 5.0346905050e-001
4.0400000000e+002 5.0346905050e-001
4.0400000000e+002 5.0578537347e-001
4.0600000000e+002 5.0578537347e-001
4.0600000000e+002 5.0810452668e-001
4.0800000000e+002 5.0810452668e-001
4.0800000000e+002 5.1042645150e-001
4.1000000000e+002 5.1042645150e-001
4.1000000000e+002 5.1275108889e-001
4.1200000000e+002 5.1275108889e-001
4.1200000000e+002 5.1507837943e-001
4.1400000000e+002 5.1507837943e-001
4.1400000000e+002 5.1740826331e-001
4.1600000000e+002 5.1740826331e-001
4.1600000000e+002 5.1974068032e-001
4.1800000000e+002 5.1974068032e-001
4.1800000000e+002 5.2207556987e-001
4.2000000000e+002 5.2207556987e-001
4.2000000000e+002 5.2441287097e-001
4.2200000000e+002 5.2441287097e-001
4.2200000000e+002 5.2675252225e-001
4.2400000000e+002 5.2675252225e-001
4.2400000000e+002 5.2909446196e-001
4.2600000000e+002 5.2909446196e-001
4.2600000000e+002 5.3143862797e-001
4.2800000000e+002 5.3143862797e-001
4.2800000000e+002 5.3378495777e-001
4.3000000000e+002 5.3378495777e-001
4.3000000000e+002 5.3613338847e-001
4.3200000000e+002 5.3613338847e-001
4.3200000000e+002 5.3848385680e-001
4.3400000000e+002 5.3848385680e-001
4.3400000000e+002 5.4083629914e-001
4.3600000000e+002 5.4083629914e-001
4.3600000000e+002 5.4319065147e-001
4.3800000000e+002 5.4319065147e-001
4.3800000000e+002 5.4554684943e-001
4.4000000000e+002 5.4554684943e-001
4.4000000000e+002 5.4790482828e-001
4.4200000000e+002 5.4790482828e-001
4.4200000000e+002 5.5026452292e-001
4.4400000000e+002 5.5026452292e-001
4.4400000000e+002 5.5262586788e-001
4.4600000000e+002 5.5262586788e-001
4.4600000000e+002 5.5498879735e-001
4.4800000000e+002 5.5498879735e-001
4.4800000000e+002 5.5735324516e-001
4.5000000000e+002 5.5735324516e-001
4.5000000000e+002 5.5971914478e-001
4.5200000000e+002 5.5971914478e-001
4.5200000000e+002 5.6208642932e-001
4.5400000000e+002 5.6208642932e-001
4.5400000000e+002 5.6445503158e-001
4.5600000000e+002 5.6445503158e-001
4.5600000000e+002 5.6682488398e-001
4.5800000000e+002 5.6682488398e-001
4.5800000000e+002 5.6919591860e-001
4.6000000000e+002 5.6919591860e-001
4.6000000000e+002 5.7156806720e-001
4.6200000000e+002 5.7156806720e-001
4.6200000000e+002 5.7394126120e-001
4.6400000000e+002 5.7394126120e-001
4.6400000000e+002 5.7631543166e-001
4.6600000000e+002 5.7631543166e-001
4.6600000000e+002 5.7869050934e-001
4.6800000000e+002 5.7869050934e-001
4.6800000000e+002 5.8106642467e-001
4.7000000000e+002 5.8106642467e-001
4.7000000000e+002 5.8344310773e-001
4.7200000000e+002 5.8344310773e-001
4.7200000000e+002 5.8582048829e-001
4.7400000000e+002 5.8582048829e-001
4.7400000000e+002 5.8819849583e-001
4.7600000000e+002 5.8819849583e-001
4.7600000000e+002 5.9057705946e-001
4.7800000000e+002 5.9057705946e-001
4.7800000000e+002 5.9295610802e-001
4.8000000000e+002 5.9295610802e-001
4.8000000000e+002 5.9533557003e-001
4.8200000000e+002 5.9533557003e-001
4.8200000000e+002 5.9771537369e-001
4.8400000000e+002 5.9771537369e-001
4.8400000000e+002 6.0009544691e-001
4.8600000000e+002 6.0009544691e-001
4.8600000000e+002 6.0247571730e-001
4.8800000000e+002 6.0247571730e-001
4.8800000000e+002 6.0485611216e-001
4.9000000000e+002 6.0485611216e-001
4.9000000000e+002 6.0723655852e-001
4.9200000000e+002 6.0723655852e-001
4.9200000000e+002 6.0961698309e-001
4.9400000000e+002 6.0961698309e-001
4.9400000000e+002 6.1199731232e-001
4.9600000000e+002 6.1199731232e-001
4.9600000000e+002 6.1437747236e-001
4.9800000000e+002 6.1437747236e-001
4.9800000000e+002 6.1675738908e-001
5.0000000000e+002 6.1675738908e-001
5.0000000000e+002 6.1913698810e-001
5.0200000000e+002 6.1913698810e-001
5.0200000000e+002 6.2151619472e-001
5.0400000000e+002 6.2151619472e-001
5.0400000000e+002 6.2389493401e-001
5.0600000000e+002 6.2389493401e-001
5.0600000000e+002 6.2627313077e-001
5.0800000000e+002 6.2627313077e-001
5.0800000000e+002 6.2865070951e-001
5.1000000000e+002 6.2865070951e-001
5.1000000000e+002 6.3102759451e-001
5.1200000000e+002 6.3102759451e-001
5.1200000000e+002 6.3340370978e-001
5.1400000000e+002 6.3340370978e-001
5.1400000000e+002 6.3577897909e-001
5.1600000000e+002 6.3577897909e-001
5.1600000000e+002 6.3815332596e-001
5.1800000000e+002 6.3815332596e-001
5.1800000000e+002 6.4052667366e-001
5.2000000000e+002 6.4052667366e-001
5.2000000000e+002 6.4289894523e-001
5.2200000000e+002 6.4289894523e-001
5.2200000000e+002 6.4527006345e-001
5.2400000000e+002 6.4527006345e-001
5.2400000000e+002 6.4763995090e-001
5.2600000000e+002 6.4763995090e-001
5.2600000000e+002 6.5000852992e-001
5.2800000000e+002 6.5000852992e-001
5.2800000000e+002 6.5237572262e-001
5.3000000000e+002 6.5237572262e-001
5.3000000000e+002 6.5474145090e-001
5.3200000000e+002 6.5474145090e-001
5.3200000000e+002 6.5710563642e-001
5.3400000000e+002 6.5710563642e-001
5.3400000000e+002 6.5946820067e-001
5.3600000000e+002 6.5946820067e-001
5.3600000000e+002 6.6182906489e-001
5.3800000000e+002 6.6182906489e-001
5.3800000000e+002 6.6418815014e-001
5.4000000000e+002 6.6418815014e-001
5.4000000000e+002 6.6654537728e-001
5.4200000000e+002 6.6654537728e-001
5.4200000000e+002 6.6890066696e-001
5.4400000000e+002 6.6890066696e-001
5.4400000000e+002 6.7125393966e-001
5.4600000000e+002 6.7125393966e-001
5.4600000000e+002 6.7360511564e-001
5.4800000000e+002 6.7360511564e-001
5.4800000000e+002 6.7595411502e-001
5.5000000000e+002 6.7595411502e-001
5.5000000000e+002 6.7830085772e-001
5.5200000000e+002 6.7830085772e-001
5.5200000000e+002 6.8064526346e-001
5.5400000000e+002 6.8064526346e-001
5.5400000000e+002 6.8298725184e-001
5.5600000000e+002 6.8298725184e-001
5.5600000000e+002 6.8532674227e-001
5.5800000000e+002 6.8532674227e-001
5.5800000000e+002 6.8766365398e-001
5.6000000000e+002 6.8766365398e-001
5.6000000000e+002 6.8999790608e-001
5.6200000000e+002 6.8999790608e-001
5.6200000000e+002 6.9232941750e-001
5.6400000000e+002 6.9232941750e-001
5.6400000000e+002 6.9465810703e-001
5.6600000000e+002 6.9465810703e-001
5.6600000000e+002 6.9698389334e-001
5.6800000000e+002 6.9698389334e-001
5.6800000000e+002 6.9930669492e-001
5.7000000000e+002 6.9930669492e-001
5.7000000000e+002 7.0162643015e-001
5.7200000000e+002 7.0162643015e-001
5.7200000000e+002 7.0394301729e-001
5.7400000000e+002 7.0394301729e-001
5.7400000000e+002 7.0625637444e-001
5.7600000000e+002 7.0625637444e-001
5.7600000000e+002 7.0856641963e-001
5.7800000000e+002 7.0856641963e-001
5.7800000000e+002 7.1087307072e-001
5.8000000000e+002 7.1087307072e-001
5.8000000000e+002 7.1317624551e-001
5.8200000000e+002 7.1317624551e-001
5.8200000000e+002 7.1547586165e-001
5.8400000000e+002 7.1547586165e-001
5.8400000000e+002 7.1777183672e-001
5.8600000000e+002 7.1777183672e-001
5.8600000000e+002 7.2006408819e-001
5.8800000000e+002 7.2006408819e-001
5.8800000000e+002 7.2235253344e-001
5.9000000000e+002 7.2235253344e-001
5.9000000000e+002 7.2463708975e-001
5.9200000000e+002 7.2463708975e-001
5.9200000000e+002 7.2691767435e-001
5.9400000000e+002 7.2691767435e-001
5.9400000000e+002 7.2919420437e-001
5.9600000000e+002 7.2919420437e-001
5.9600000000e+002 7.3146659686e-001
5.9800000000e+002 7.3146659686e-001
5.9800000000e+002 7.3373476881e-001
6.0000000000e+002 7.3373476881e-001
6.0000000000e+002 7.3599863717e-001
6.0200000000e+002 7.3599863717e-001
6.0200000000e+002 7.3825811880e-001
6.0400000000e+002 7.3825811880e-001
6.0400000000e+002 7.4051313052e-001
6.0600000000e+002 7.4051313052e-001
6.0600000000e+002 7.4276358911e-001
6.0800000000e+002 7.4276358911e-001
6.0800000000e+002 7.4500941128e-001
6.1000000000e+002 7.4500941128e-001
6.1000000000e+002 7.4725051374e-001
6.1200000000e+002 7.4725051374e-001
6.1200000000e+002 7.4948681315e-001
6.1400000000e+002 7.4948681315e-001
6.1400000000e+002 7.5171822613e-001
6.1600000000e+002 7.5171822613e-001
6.1600000000e+002 7.5394466928e-001
6.1800000000e+002 7.5394466928e-001
6.1800000000e+002 7.5616605921e-001
6.2000000000e+002 7.5616605921e-001
6.2000000000e+002 7.5838231249e-001
6.2200000000e+002 7.5838231249e-001
6.2200000000e+002 7.6059334569e-001
6.2400000000e+002 7.6059334569e-001
6.2400000000e+002 7.6279907537e-001
6.2600000000e+002 7.6279907537e-001
6.2600000000e+002 7.6499941812e-001
6.2800000000e+002 7.6499941812e-001
6.2800000000e+002 7.6719429050e-001
6.3000000000e+002 7.6719429050e-001
6.3000000000e+002 7.6938360911e-001
6.3200000000e+002 7.6938360911e-001
6.3200000000e+002 7.7156729055e-001
6.3400000000e+002 7.7156729055e-001
6.3400000000e+002 7.7374525148e-001
6.3600000000e+002 7.7374525148e-001
6.3600000000e+002 7.7591740853e-001
6.3800000000e+002 7.7591740853e-001
6.3800000000e+002 7.7808367842e-001
6.4000000000e+002 7.7808367842e-001
6.4000000000e+002 7.8024397788e-001
6.4200000000e+002 7.8024397788e-001
6.4200000000e+002 7.8239822369e-001
6.4400000000e+002 7.8239822369e-001
6.4400000000e+002 7.8454633268e-001
6.4600000000e+002 7.8454633268e-001
6.4600000000e+002 7.8668822173e-001
6.4800000000e+002 7.8668822173e-001
6.4800000000e+002 7.8882380778e-001
6.5000000000e+002 7.8882380778e-001
6.5000000000e+002 7.9095300786e-001
6.5200000000e+002 7.9095300786e-001
6.5200000000e+002 7.9307573904e-001
6.5400000000e+002 7.9307573904e-001
6.5400000000e+002 7.9519191848e-001
6.5600000000e+002 7.9519191848e-001
6.5600000000e+002 7.9730146341e-001
6.5800000000e+002 7.9730146341e-001
6.5800000000e+002 7.9940429117e-001
6.6000000000e+002 7.9940429117e-001
6.6000000000e+002 8.0150031917e-001
6.6200000000e+002 8.0150031917e-001
6.6200000000e+002 8.0358946493e-001
6.6400000000e+002 8.0358946493e-001
6.6400000000e+002 8.0567164607e-001
6.6600000000e+002 8.0567164607e-001
6.6600000000e+002 8.0774678030e-001
6.6800000000e+002 8.0774678030e-001
6.6800000000e+002 8.0981478548e-001
6.7000000000e+002 8.0981478548e-001
6.7000000000e+002 8.1187557957e-001
6.7200000000e+002 8.1187557957e-001
6.7200000000e+002 8.1392908063e-001
6.7400000000e+002 8.1392908063e-001
6.7400000000e+002 8.1597520690e-001
6.7600000000e+002 8.1597520690e-001
6.7600000000e+002 8.1801387671e-001
6.7800000000e+002 8.1801387671e-001
6.7800000000e+002 8.2004500855e-001
6.8000000000e+002 8.2004500855e-001
6.8000000000e+002 8.2206852106e-001
6.8200000000e+002 8.2206852106e-001
6.8200000000e+002 8.2408433302e-001
6.8400000000e+002 8.2408433302e-001
6.8400000000e+002 8.2609236338e-001
6.8600000000e+002 8.2609236338e-001
6.8600000000e+002 8.2809253123e-001
6.8800000000e+002 8.2809253123e-001
6.8800000000e+002 8.3008475585e-001
6.9000000000e+002 8.3008475585e-001
6.9000000000e+002 8.3206895669e-001
6.9200000000e+002 8.3206895669e-001
6.9200000000e+002 8.3404505335e-001
6.9400000000e+002 8.3404505335e-001
6.9400000000e+002 8.3601296565e-001
6.9600000000e+002 8.3601296565e-001
6.9600000000e+002 8.3797261358e-001
6.9800000000e+002 8.3797261358e-001
6.9800000000e+002 8.3992391733e-001
7.0000000000e+002 8.3992391733e-001
7.0000000000e+002 8.4186679729e-001
7.0200000000e+002 8.4186679729e-001
7.0200000000e+002 8.4380117404e-001
7.0400000000e+002 8.4380117404e-001
7.0400000000e+002 8.4572696840e-001
7.0600000000e+002 8.4572696840e-001
7.0600000000e+002 8.4764410137e-001
7.0800000000e+002 8.4764410137e-001
7.0800000000e+002 8.4955249420e-001
7.1000000000e+002 8.4955249420e-001
7.1000000000e+002 8.5145206835e-001
7.1200000000e+002 8.5145206835e-001
7.1200000000e+002 8.5334274553e-001
7.1400000000e+002 8.5334274553e-001
7.1400000000e+002 8.5522444766e-001
7.1600000000e+002 8.5522444766e-001
7.1600000000e+002 8.5709709692e-001
7.1800000000e+002 8.5709709692e-001
7.1800000000e+002 8.5896061574e-001
7.2000000000e+002 8.5896061574e-001
7.2000000000e+002 8.6081492680e-001
7.2200000000e+002 8.6081492680e-001
7.2200000000e+002 8.6265995302e-001
7.2400000000e+002 8.6265995302e-001
7.2400000000e+002 8.6449561762e-001
7.2600000000e+002 8.6449561762e-001
7.2600000000e+002 8.6632184406e-001
7.2800000000e+002 8.6632184406e-001
7.2800000000e+002 8.6813855608e-001
7.3000000000e+002 8.6813855608e-001
7.3000000000e+002 8.6994567771e-001
7.3200000000e+002 8.6994567771e-001
7.3200000000e+002 8.7174313325e-001
7.3400000000e+002 8.7174313325e-001
7.3400000000e+002 8.7353084730e-001
7.3600000000e+002 8.7353084730e-001
7.3600000000e+002 8.7530874477e-001
7.3800000000e+002 8.7530874477e-001
7.3800000000e+002 8.7707675083e-001
7.4000000000e+002 8.7707675083e-001
7.4000000000e+002 8.7883479099e-001
7.4200000000e+002 8.7883479099e-001
7.4200000000e+002 8.8058279106e-001
7.4400000000e+002 8.8058279106e-001
7.4400000000e+002 8.8232067718e-001
7.4600000000e+002 8.8232067718e-001
7.4600000000e+002 8.8404837578e-001
7.4800000000e+002 8.8404837578e-001
7.4800000000e+002 8.8576581364e-001
7.5000000000e+002 8.8576581364e-001
7.5000000000e+002 8.8747291787e-001
7.5200000000e+002 8.8747291787e-001
7.5200000000e+002 8.8916961592e-001
7.5400000000e+002 8.8916961592e-001
7.5400000000e+002 8.9085583557e-001
7.5600000000e+002 8.9085583557e-001
7.5600000000e+002 8.9253150495e-001
7.5800000000e+002 8.9253150495e-001
7.5800000000e+002 8.9419655255e-001
7.6000000000e+002 8.9419655255e-001
7.6000000000e+002 8.9585090721e-001
7.6200000000e+002 8.9585090721e-001
7.6200000000e+002 8.9749449814e-001
7.6400000000e+002 8.9749449814e-001
7.6400000000e+002 8.9912725491e-001
7.6600000000e+002 8.9912725491e-001
7.6600000000e+002 9.0074910746e-001
7.6800000000e+002 9.0074910746e-001
7.6800000000e+002 9.0235998612e-001
7.7000000000e+002 9.0235998612e-001
7.7000000000e+002 9.0395982160e-001
7.7200000000e+002 9.0395982160e-001
7.7200000000e+002 9.0554854498e-001
7.7400000000e+002 9.0554854498e-001
7.7400000000e+002 9.0712608775e-001
7.7600000000e+002 9.0712608775e-001
7.7600000000e+002 9.0869238179e-001
7.7800000000e+002 9.0869238179e-001
7.7800000000e+002 9.1024735939e-001
7.8000000000e+002 9.1024735939e-001
7.8000000000e+002 9.1179095323e-001
7.8200000000e+002 9.1179095323e-001
7.8200000000e+002 9.1332309642e-001
7.8400000000e+002 9.1332309642e-001
7.8400000000e+002 9.1484372248e-001
7.8600000000e+002 9.1484372248e-001
7.8600000000e+002 9.1635276535e-001
7.8800000000e+002 9.1635276535e-001
7.8800000000e+002 9.1785015940e-001
7.9000000000e+002 9.1785015940e-001
7.9000000000e+002 9.1933583942e-001
7.9200000000e+002 9.1933583942e-001
7.9200000000e+002 9.2080974065e-001
7.9400000000e+002 9.2080974065e-001
7.9400000000e+002 9.2227179876e-001
7.9600000000e+002 9.2227179876e-001
7.9600000000e+002 9.2372194987e-001
7.9800000000e+002 9.2372194987e-001
7.9800000000e+002 9.2516013056e-001
8.0000000000e+002 9.2516013056e-001
8.0000000000e+002 9.2658627783e-001
8.0200000000e+002 9.2658627783e-001
8.0200000000e+002 9.2800032918e-001
8.0400000000e+002 9.2800032918e-001
8.0400000000e+002 9.2940222256e-001
8.0600000000e+002 9.2940222256e-001
8.0600000000e+002 9.3079189636e-001
8.0800000000e+002 9.3079189636e-001
8.0800000000e+002 9.3216928949e-001
8.1000000000e+002 9.3216928949e-001
8.1000000000e+002 9.3353434130e-001
8.1200000000e+002 9.3353434130e-001
8.1200000000e+002 9.3488699165e-001
8.1400000000e+002 9.3488699165e-001
8.1400000000e+002 9.3622718085e-001
8.1600000000e+002 9.3622718085e-001
8.1600000000e+002 9.3755484973e-001
8.1800000000e+002 9.3755484973e-001
8.1800000000e+002 9.3886993961e-001
8.2000000000e+002 9.3886993961e-001
8.2000000000e+002 9.4017239229e-001
8.2200000000e+002 9.4017239229e-001
8.2200000000e+002 9.4146215010e-001
8.2400000000e+002 9.4146215010e-001
8.2400000000e+002 9.4273915587e-001
8.2600000000e+002 9.4273915587e-001
8.2600000000e+002 9.4400335292e-001
8.2800000000e+002 9.4400335292e-001
8.2800000000e+002 9.4525468511e-001
8.3000000000e+002 9.4525468511e-001
8.3000000000e+002 9.4649309682e-001
8.3200000000e+002 9.4649309682e-001
8.3200000000e+002 9.4771853294e-001
8.3400000000e+002 9.4771853294e-001
8.3400000000e+002 9.4893093889e-001
8.3600000000e+002 9.4893093889e-001
8.3600000000e+002 9.5013026063e-001
8.3800000000e+002 9.5013026063e-001
8.3800000000e+002 9.5131644466e-001
8.4000000000e+002 9.5131644466e-001
8.4000000000e+002 9.5248943800e-001
8.4200000000e+002 9.5248943800e-001
8.4200000000e+002 9.5364918824e-001
8.4400000000e+002 9.5364918824e-001
8.4400000000e+002 9.5479564351e-001
8.4600000000e+002 9.5479564351e-001
8.4600000000e+002 9.5592875247e-001
8.4800000000e+002 9.5592875247e-001
8.4800000000e+002 9.5704846436e-001
8.5000000000e+002 9.5704846436e-001
8.5000000000e+002 9.5815472898e-001
8.5200000000e+002 9.5815472898e-001
8.5200000000e+002 9.5924749669e-001
8.5400000000e+002 9.5924749669e-001
8.5400000000e+002 9.6032671840e-001
8.5600000000e+002 9.6032671840e-001
8.5600000000e+002 9.6139234561e-001
8.5800000000e+002 9.6139234561e-001
8.5800000000e+002 9.6244433039e-001
8.6000000000e+002 9.6244433039e-001
8.6000000000e+002 9.6348262539e-001
8.6200000000e+002 9.6348262539e-001
8.6200000000e+002 9.6450718383e-001
8.6400000000e+002 9.6450718383e-001
8.6400000000e+002 9.6551795953e-001
8.6600000000e+002 9.6551795953e-001
8.6600000000e+002 9.6651490688e-001
8.6800000000e+002 9.6651490688e-001
8.6800000000e+002 9.6749798089e-001
8.7000000000e+002 9.6749798089e-001
8.7000000000e+002 9.6846713714e-001
8.7200000000e+002 9.6846713714e-001
8.7200000000e+002 9.6942233181e-001
8.7400000000e+002 9.6942233181e-001
8.7400000000e+002 9.7036352171e-001
8.7600000000e+002 9.7036352171e-001
8.7600000000e+002 9.7129066421e-001
8.7800000000e+002 9.7129066421e-001
8.7800000000e+002 9.7220371733e-001
8.8000000000e+002 9.7220371733e-001
8.8000000000e+002 9.7310263968e-001
8.8200000000e+002 9.7310263968e-001
8.8200000000e+002 9.7398739048e-001
8.8400000000e+002 9.7398739048e-001
8.8400000000e+002 9.7485792959e-001
8.8600000000e+002 9.7485792959e-001
8.8600000000e+002 9.7571421747e-001
8.8800000000e+002 9.7571421747e-001
8.8800000000e+002 9.7655621522e-001
8.9000000000e+002 9.7655621522e-001
8.9000000000e+002 9.7738388455e-001
8.9200000000e+002 9.7738388455e-001
8.9200000000e+002 9.7819718780e-001
8.9400000000e+002 9.7819718780e-001
8.9400000000e+002 9.7899608797e-001
8.9600000000e+002 9.7899608797e-001
8.9600000000e+002 9.7978054866e-001
8.9800000000e+002 9.7978054866e-001
8.9800000000e+002 9.8055053414e-001
9.0000000000e+002 9.8055053414e-001
9.0000000000e+002 9.8130600928e-001
9.0200000000e+002 9.8130600928e-001
9.0200000000e+002 9.8204693964e-001
9.0400000000e+002 9.8204693964e-001
9.0400000000e+002 9.8277329140e-001
9.0600000000e+002 9.8277329140e-001
9.0600000000e+002 9.8348503138e-001
9.0800000000e+002 9.8348503138e-001
9.0800000000e+002 9.8418212708e-001
9.1000000000e+002 9.8418212708e-001
9.1000000000e+002 9.8486454663e-001
9.1200000000e+002 9.8486454663e-001
9.1200000000e+002 9.8553225882e-001
9.1400000000e+002 9.8553225882e-001
9.1400000000e+002 9.8618523311e-001
9.1600000000e+002 9.8618523311e-001
9.1600000000e+002 9.8682343960e-001
9.1800000000e+002 9.8682343960e-001
9.1800000000e+002 9.8744684909e-001
9.2000000000e+002 9.8744684909e-001
9.2000000000e+002 9.8805543299e-001
9.2200000000e+002 9.8805543299e-001
9.2200000000e+002 9.8864916344e-001
9.2400000000e+002 9.8864916344e-001
9.2400000000e+002 9.8922801319e-001
9.2600000000e+002 9.8922801319e-001
9.2600000000e+002 9.8979195571e-001
9.2800000000e+002 9.8979195571e-001
9.2800000000e+002 9.9034096512e-001
9.3000000000e+002 9.9034096512e-001
9.3000000000e+002 9.9087501621e-001
9.3200000000e+002 9.9087501621e-001
9.3200000000e+002 9.9139408447e-001
9.3400000000e+002 9.9139408447e-001
9.3400000000e+002 9.9189814604e-001
9.3600000000e+002 9.9189814604e-001
9.3600000000e+002 9.9238717778e-001
9.3800000000e+002 9.9238717778e-001
9.3800000000e+002 9.9286115719e-001
9.4000000000e+002 9.9286115719e-001
9.4000000000e+002 9.9332006249e-001
9.4200000000e+002 9.9332006249e-001
9.4200000000e+002 9.9376387256e-001
9.4400000000e+002 9.9376387256e-001
9.4400000000e+002 9.9419256699e-001
9.4600000000e+002 9.9419256699e-001
9.4600000000e+002 9.9460612604e-001
9.4800000000e+002 9.9460612604e-001
9.4800000000e+002 9.9500453069e-001
9.5000000000e+002 9.9500453069e-001
9.5000000000e+002 9.9538776257e-001
9.5200000000e+002 9.9538776257e-001
9.5200000000e+002 9.9575580405e-001
9.5400000000e+002 9.9575580405e-001
9.5400000000e+002 9.9610863816e-001
9.5600000000e+002 9.9610863816e-001
9.5600000000e+002 9.9644624864e-001
9.5800000000e+002 9.9644624864e-001
9.5800000000e+002 9.9676861993e-001
9.6000000000e+002 9.9676861993e-001
9.6000000000e+002 9.9707573717e-001
9.6200000000e+002 9.9707573717e-001
9.6200000000e+002 9.9736758620e-001
9.6400000000e+002 9.9736758620e-001
9.6400000000e+002 9.9764415355e-001
9.6600000000e+002 9.9764415355e-001
9.6600000000e+002 9.9790542647e-001
9.6800000000e+002 9.9790542647e-001
9.6800000000e+002 9.9815139289e-001
9.7000000000e+002 9.9815139289e-001
9.7000000000e+002 9.9838204148e-001
9.7200000000e+002 9.9838204148e-001
9.7200000000e+002 9.9859736158e-001
9.7400000000e+002 9.9859736158e-001
9.7400000000e+002 9.9879734325e-001
9.7600000000e+002 9.9879734325e-001
9.7600000000e+002 9.9898197726e-001
9.7800000000e+002 9.9898197726e-001
9.7800000000e+002 9.9915125509e-001
9.8000000000e+002 9.9915125509e-001
9.8000000000e+002 9.9930516892e-001
9.8200000000e+002 9.9930516892e-001
9.8200000000e+002 9.9944371163e-001
9.8400000000e+002 9.9944371163e-001
9.8400000000e+002 9.9956687684e-001
9.8600000000e+002 9.9956687684e-001
9.8600000000e+002 9.9967465884e-001
9.8800000000e+002 9.9967465884e-001
9.8800000000e+002 9.9976705267e-001
9.9000000000e+002 9.9976705267e-001
9.9000000000e+002 9.9984405405e-001
9.9200000000e+002 9.9984405405e-001
9.9200000000e+002 9.9990565942e-001
9.9400000000e+002 9.9990565942e-001
9.9400000000e+002 9.9995186594e-001
9.9600000000e+002 9.9995186594e-001
9.9600000000e+002 9.9998267147e-001
9.9800000000e+002 9.9998267147e-001
9.9800000000e+002 9.9999807459e-001
1.0000000000e+003 9.9999807459e-001
1.0000000000e+003 9.9999807459e-001
1.0020000000e+003 9.9999807459e-001
1.0020000000e+003 9.9998267147e-001
1.0040000000e+003 9.9998267147e-001
1.0040000000e+003 9.9995186594e-001
1.0060000000e+003 9.9995186594e-001
1.0060000000e+003 9.9990565942e-001
1.0080000000e+003 9.9990565942e-001
1.0080000000e+003 9.9984405405e-001
1.0100000000e+003 9.9984405405e-001
1.0100000000e+003 9.9976705267e-001
1.0120000000e+003 9.9976705267e-001
1.0120000000e+003 9.9967465884e-001
1.0140000000e+003 9.9967465884e-001
1.0140000000e+003 9.9956687684e-001
1.0160000000e+003 9.9956687684e-001
1.0160000000e+003 9.9944371163e-001
1.0180000000e+003 9.9944371163e-001
1.0180000000e+003 9.9930516892e-001
1.0200000000e+003 9.9930516892e-001
1.0200000000e+003 9.9915125509e-001
1.0220000000e+003 9.9915125509e-001
1.0220000000e+003 9.9898197726e-001
1.0240000000e+003 9.9898197726e-001
1.0240000000e+003 9.9879734325e-001
1.0260000000e+003 9.9879734325e-001
1.0260000000e+003 9.9859736158e-001
1.0280000000e+003 9.9859736158e-001
1.0280000000e+003 9.9838204148e-001
1.0300000000e+003 9.9838204148e-001
1.0300000000e+003 9.9815139289e-001
1.0320000000e+003 9.9815139289e-001
1.0320000000e+003 9.9790542647e-001
1.0340000000e+003 9.9790542647e-001
1.0340000000e+003 9.9764415355e-001
1.0360000000e+003 9.9764415355e-001
1.0360000000e+003 9.9736758620e-001
1.0380000000e+003 9.9736758620e-001
1.0380000000e+003 9.9707573717e-001
1.0400000000e+003 9.9707573717e-001
1.0400000000e+003 9.9676861993e-001
1.0420000000e+003 9.9676861993e-001
1.0420000000e+003 9.9644624864e-001
1.0440000000e+003 9.9644624864e-001
1.0440000000e+003 9.9610863816e-001
1.0460000000e+003 9.9610863816e-001
1.0460000000e+003 9.9575580405e-001
1.0480000000e+003 9.9575580405e-001
1.0480000000e+003 9.9538776257e-001
1.0500000000e+003 9.9538776257e-001
1.0500000000e+003 9.9500453069e-001
1.0520000000e+003 9.9500453069e-001
1.0520000000e+003 9.9460612604e-001
1.0540000000e+003 9.9460612604e-001
1.0540000000e+003 9.9419256699e-001
1.0560000000e+003 9.9419256699e-001
1.0560000000e+003 9.9376387256e-001
1.0580000000e+003 9.9376387256e-001
1.0580000000e+003 9.9332006249e-001
1.0600000000e+003 9.9332006249e-001
1.0600000000e+003 9.9286115719e-001
1.0620000000e+003 9.9286115719e-001
1.0620000000e+003 9.9238717778e-001
1.0640000000e+003 9.9238717778e-001
1.0640000000e+003 9.9189814604e-001
1.0660000000e+003 9.9189814604e-001
1.0660000000e+003 9.9139408447e-001
1.0680000000e+003 9.9139408447e-001
1.0680000000e+003 9.9087501621e-001
1.0700000000e+003 9.9087501621e-001
1.0700000000e+003 9.9034096512e-001
1.0720000000e+003 9.9034096512e-001
1.0720000000e+003 9.8979195571e-001
1.0740000000e+003 9.8979195571e-001
1.0740000000e+003 9.8922801319e-001
1.0760000000e+003 9.8922801319e-001
1.0760000000e+003 9.8864916344e-001
1.0780000000e+003 9.8864916344e-001
1.0780000000e+003 9.8805543299e-001
1.0800000000e+003 9.8805543299e-001
1.0800000000e+003 9.8744684909e-001
1.0820000000e+003 9.8744684909e-001
1.0820000000e+003 9.8682343960e-001
1.0840000000e+003 9.8682343960e-001
1.0840000000e+003 9.8618523311e-001
1.0860000000e+003 9.8618523311e-001
1.0860000000e+003 9.8553225882e-001
1.0880000000e+003 9.8553225882e-001
1.0880000000e+003 9.8486454663e-001
1.0900000000e+003 9.8486454663e-001
1.0900000000e+003 9.8418212708e-001
1.0920000000e+003 9.8418212708e-001
1.0920000000e+003 9.8348503138e-001
1.0940000000e+003 9.8348503138e-001
1.0940000000e+003 9.8277329140e-001
1.0960000000e+003 9.8277329140e-001
1.0960000000e+003 9.8204693964e-001
1.0980000000e+003 9.8204693964e-001
1.0980000000e+003 9.8130600928e-001
1.1000000000e+003 9.8130600928e-001
1.1000000000e+003 9.8055053414e-001
1.1020000000e+003 9.8055053414e-001
1.1020000000e+003 9.7978054866e-001
1.1040000000e+003 9.7978054866e-001
1.1040000000e+003 9.7899608797e-001
1.1060000000e+003 9.7899608797e-001
1.1060000000e+003 9.7819718780e-001
1.1080000000e+003 9.7819718780e-001
1.1080000000e+003 9.7738388455e-001
1.1100000000e+003 9.7738388455e-001
1.1100000000e+003 9.7655621522e-001
1.1120000000e+003 9.7655621522e-001
1.1120000000e+003 9.7571421747e-001
1.1140000000e+003 9.7571421747e-001
1.1140000000e+003 9.7485792959e-001
1.1160000000e+003 9.7485792959e-001
1.1160000000e+003 9.7398739048e-001
1.1180000000e+003 9.7398739048e-001
1.1180000000e+003 9.7310263968e-001
1.1200000000e+003 9.7310263968e-001
1.1200000000e+003 9.7220371733e-001
1.1220000000e+003 9.7220371733e-001
1.1220000000e+003 9.7129066421e-001
1.1240000000e+003 9.7129066421e-001
1.1240000000e+003 9.7036352171e-001
1.1260000000e+003 9.7036352171e-001
1.1260000000e+003 9.6942233181e-001
1.1280000000e+003 9.6942233181e-001
1.1280000000e+003 9.6846713714e-001
1.1300000000e+003 9.6846713714e-001
1.1300000000e+003 9.6749798089e-001
1.1320000000e+003 9.6749798089e-001
1.1320000000e+003 9.6651490688e-001
1.1340000000e+003 9.6651490688e-001
1.1340000000e+003 9.6551795953e-001
1.1360000000e+003 9.6551795953e-001
1.1360000000e+003 9.6450718383e-001
1.1380000000e+003 9.6450718383e-001
1.1380000000e+003 9.6348262539e-001
1.1400000000e+003 9.6348262539e-001
1.1400000000e+003 9.6244433039e-001
1.1420000000e+003 9.6244433039e-001
1.1420000000e+003 9.6139234561e-001
1.1440000000e+003 9.6139234561e-001
1.1440000000e+003 9.6032671840e-001
1.1460000000e+003 9.6032671840e-001
1.1460000000e+003 9.5924749669e-001
1.1480000000e+003 9.5924749669e-001
1.1480000000e+003 9.5815472898e-001
1.1500000000e+003 9.5815472898e-001
1.1500000000e+003 9.5704846436e-001
1.1520000000e+003 9.5704846436e-001
1.1520000000e+003 9.5592875247e-001
1.1540000000e+003 9.5592875247e-001
1.1540000000e+003 9.5479564351e-001
1.1560000000e+003 9.5479564351e-001
1.1560000000e+003 9.5364918824e-001
1.1580000000e+003 9.5364918824e-001
1.1580000000e+003 9.5248943800e-001
1.1600000000e+003 9.5248943800e-001
1.1600000000e+003 9.5131644466e-001
1.1620000000e+003 9.5131644466e-001
1.1620000000e+003 9.5013026063e-001
1.1640000000e+003 9.5013026063e-001
1.1640000000e+003 9.4893093889e-001
1.1660000000e+003 9.4893093889e-001
1.1660000000e+003 9.4771853294e-001
1.1680000000e+003 9.4771853294e-001
1.1680000000e+003 9.4649309682e-001
1.1700000000e+003 9.4649309682e-001
1.1700000000e+003 9.4525468511e-001
1.1720000000e+003 9.4525468511e-001
1.1720000000e+003 9.4400335292e-001
1.1740000000e+003 9.4400335292e-001
1.1740000000e+003 9.4273915587e-001
1.1760000000e+003 9.4273915587e-001
1.1760000000e+003 9.4146215010e-001
1.1780000000e+003 9.4146215010e-001
1.1780000000e+003 9.4017239229e-001
1.1800000000e+003 9.4017239229e-001
1.1800000000e+003 9.3886993961e-001
1.1820000000e+003 9.3886993961e-001
1.1820000000e+003 9.3755484973e-001
1.1840000000e+003 9.3755484973e-001
1.1840000000e+003 9.3622718085e-001
1.1860000000e+003 9.3622718085e-001
1.1860000000e+003 9.3488699165e-001
1.1880000000e+003 9.3488699165e-001
1.1880000000e+003 9.3353434130e-001
1.1900000000e+003 9.3353434130e-001
1.1900000000e+003 9.3216928949e-001
1.1920000000e+003 9.3216928949e-001
1.1920000000e+003 9.3079189636e-001
1.1940000000e+003 9.3079189636e-001
1.1940000000e+003 9.2940222256e-001
1.1960000000e+003 9.2940222256e-001
1.1960000000e+003 9.2800032918e-001
1.1980000000e+003 9.2800032918e-001
1.1980000000e+003 9.2658627783e-001
1.2000000000e+003 9.2658627783e-001
1.2000000000e+003 9.2516013056e-001
1.2020000000e+003 9.2516013056e-001
1.2020000000e+003 9.2372194987e-001
1.2040000000e+003 9.2372194987e-001
1.2040000000e+003 9.2227179876e-001
1.2060000000e+003 9.2227179876e-001
1.2060000000e+003 9.2080974065e-001
1.2080000000e+003 9.2080974065e-001
1.2080000000e+003 9.1933583942e-001
1.2100000000e+003 9.1933583942e-001
1.2100000000e+003 9.1785015940e-001
1.2120000000e+003 9.1785015940e-001
1.2120000000e+003 9.1635276535e-001
1.2140000000e+003 9.1635276535e-001
1.2140000000e+003 9.1484372248e-001
1.2160000000e+003 9.1484372248e-001
1.2160000000e+003 9.1332309642e-001
1.2180000000e+003 9.1332309642e-001
1.2180000000e+003 9.1179095323e-001
1.2200000000e+003 9.1179095323e-001
1.2200000000e+003 9.1024735939e-001
1.2220000000e+003 9.1024735939e-001
1.2220000000e+003 9.0869238179e-001
1.2240000000e+003 9.0869238179e-001
1.2240000000e+003 9.0712608775e-001
1.2260000000e+003 9.0712608775e-001
1.2260000000e+003 9.0554854498e-001
1.2280000000e+003 9.0554854498e-001
1.2280000000e+003 9.0395982160e-001
1.2300000000e+003 9.0395982160e-001
1.2300000000e+003 9.0235998612e-001
1.2320000000e+003 9.0235998612e-001
1.2320000000e+003 9.0074910746e-001
1.2340000000e+003 9.0074910746e-001
1.2340000000e+003 8.9912725491e-001
1.2360000000e+003 8.9912725491e-001
1.2360000000e+003 8.9749449814e-001
1.2380000000e+003 8.9749449814e-001
1.2380000000e+003 8.9585090721e-001
1.2400000000e+003 8.9585090721e-001
1.2400000000e+003 8.9419655255e-001
1.2420000000e+003 8.9419655255e-001
1.2420000000e+003 8.9253150495e-001
1.2440000000e+003 8.9253150495e-001
1.2440000000e+003 8.9085583557e-001
1.2460000000e+003 8.9085583557e-001
1.2460000000e+003 8.8916961592e-001
1.2480000000e+003 8.8916961592e-001
1.2480000000e+003 8.8747291787e-001
1.2500000000e+003 8.8747291787e-001
1.2500000000e+003 8.8576581364e-001
1.2520000000e+003 8.8576581364e-001
1.2520000000e+003 8.8404837578e-001
1.2540000000e+003 8.8404837578e-001
1.2540000000e+003 8.8232067718e-001
1.2560000000e+003 8.8232067718e-001
1.2560000000e+003 8.8058279106e-001
1.2580000000e+003 8.8058279106e-001
1.2580000000e+003 8.7883479099e-001
1.2600000000e+003 8.7883479099e-001
1.2600000000e+003 8.7707675083e-001
1.2620000000e+003 8.7707675083e-001
1.2620000000e+003 8.7530874477e-001
1.2640000000e+003 8.7530874477e-001
1.2640000000e+003 8.7353084730e-001
1.2660000000e+003 8.7353084730e-001
1.2660000000e+003 8.7174313325e-001
1.2680000000e+003 8.7174313325e-001
1.2680000000e+003 8.6994567771e-001
1.2700000000e+003 8.6994567771e-001
1.2700000000e+003 8.6813855608e-001
1.2720000000e+003 8.6813855608e-001
1.2720000000e+003 8.6632184406e-001
1.2740000000e+003 8.6632184406e-001
1.2740000000e+003 8.6449561762e-001
1.2760000000e+003 8.6449561762e-001
1.2760000000e+003 8.6265995302e-001
1.2780000000e+003 8.6265995302e-001
1.2780000000e+003 8.6081492680e-001
1.2800000000e+003 8.6081492680e-001
1.2800000000e+003 8.5896061574e-001
1.2820000000e+003 8.5896061574e-001
1.2820000000e+003 8.5709709692e-001
1.2840000000e+003 8.5709709692e-001
1.2840000000e+003 8.5522444766e-001
1.2860000000e+003 8.5522444766e-001
1.2860000000e+003 8.5334274553e-001
1.2880000000e+003 8.5334274553e-001
1.2880000000e+003 8.5145206835e-001
1.2900000000e+003 8.5145206835e-001
1.2900000000e+003 8.4955249420e-001
1.2920000000e+003 8.4955249420e-001
1.2920000000e+003 8.4764410137e-001
1.2940000000e+003 8.4764410137e-001
1.2940000000e+003 8.4572696840e-001
1.2960000000e+003 8.4572696840e-001
1.2960000000e+003 8.4380117404e-001
1.2980000000e+003 8.4380117404e-001
1.2980000000e+003 8.4186679729e-001
1.3000000000e+003 8.4186679729e-001
1.3000000000e+003 8.3992391733e-001
1.3020000000e+003 8.3992391733e-001
1.3020000000e+003 8.3797261358e-001
1.3040000000e+003 8.3797261358e-001
1.3040000000e+003 8.3601296565e-001
1.3060000000e+003 8.3601296565e-001
1.3060000000e+003 8.3404505335e-001
1.3080000000e+003 8.3404505335e-001
1.3080000000e+003 8.3206895669e-001
1.3100000000e+003 8.3206895669e-001
1.3100000000e+003 8.3008475585e-001
1.3120000000e+003 8.3008475585e-001
1.3120000000e+003 8.2809253123e-001
1.3140000000e+003 8.2809253123e-001
1.3140000000e+003 8.2609236338e-001
1.3160000000e+003 8.2609236338e-001
1.3160000000e+003 8.2408433302e-001
1.3180000000e+003 8.2408433302e-001
1.3180000000e+003 8.2206852106e-001
1.3200000000e+003 8.2206852106e-001
1.3200000000e+003 8.2004500855e-001
1.3220000000e+003 8.2004500855e-001
1.3220000000e+003 8.1801387671e-001
1.3240000000e+003 8.1801387671e-001
1.3240000000e+003 8.1597520690e-001
1.3260000000e+003 8.1597520690e-001
1.3260000000e+003 8.1392908063e-001
1.3280000000e+003 8.1392908063e-001
1.3280000000e+003 8.1187557957e-001
1.3300000000e+003 8.1187557957e-001
1.3300000000e+003 8.0981478548e-001
1.3320000000e+003 8.0981478548e-001
1.3320000000e+003 8.0774678030e-001
1.3340000000e+003 8.0774678030e-001
1.3340000000e+003 8.0567164607e-001
1.3360000000e+003 8.0567164607e-001
1.3360000000e+003 8.0358946493e-001
1.3380000000e+003 8.0358946493e-001
1.3380000000e+003 8.0150031917e-001
1.3400000000e+003 8.0150031917e-001
1.3400000000e+003 7.9940429117e-001
1.3420000000e+003 7.9940429117e-001
1.3420000000e+003 7.9730146341e-001
1.3440000000e+003 7.9730146341e-001
1.3440000000e+003 7.9519191848e-001
1.3460000000e+003 7.9519191848e-001
1.3460000000e+003 7.9307573904e-001
1.3480000000e+003 7.9307573904e-001
1.3480000000e+003 7.9095300786e-001
1.3500000000e+003 7.9095300786e-001
1.3500000000e+003 7.8882380778e-001
1.3520000000e+003 7.8882380778e-001
1.3520000000e+003 7.8668822173e-001
1.3540000000e+003 7.8668822173e-001
1.3540000000e+003 7.8454633268e-001
1.3560000000e+003 7.8454633268e-001
1.3560000000e+003 7.8239822369e-001
1.3580000000e+003 7.8239822369e-001
1.3580000000e+003 7.8024397788e-001
1.3600000000e+003 7.8024397788e-001
1.3600000000e+003 7.7808367842e-001
1.3620000000e+003 7.7808367842e-001
1.3620000000e+003 7.7591740853e-001
1.3640000000e+003 7.7591740853e-001
1.3640000000e+003 7.7374525148e-001
1.3660000000e+003 7.7374525148e-001
1.3660000000e+003 7.7156729055e-001
1.3680000000e+003 7.7156729055e-001
1.3680000000e+003 7.6938360911e-001
1.3700000000e+003 7.6938360911e-001
1.3700000000e+003 7.6719429050e-001
1.3720000000e+003 7.6719429050e-001
1.3720000000e+003 7.6499941812e-001
1.3740000000e+003 7.6499941812e-001
1.3740000000e+003 7.6279907537e-001
1.3760000000e+003 7.6279907537e-001
1.3760000000e+003 7.6059334569e-001
1.3780000000e+003 7.6059334569e-001
1.3780000000e+003 7.5838231249e-001
1.3800000000e+003 7.5838231249e-001
1.3800000000e+003 7.5616605921e-001
1.3820000000e+003 7.5616605921e-001
1.3820000000e+003 7.5394466928e-001
1.3840000000e+003 7.5394466928e-001
1.3840000000e+003 7.5171822613e-001
1.3860000000e+003 7.5171822613e-001
1.3860000000e+003 7.4948681315e-001
1.3880000000e+003 7.4948681315e-001
1.3880000000e+003 7.4725051374e-001
1.3900000000e+003 7.4725051374e-001
1.3900000000e+003 7.4500941128e-001
1.3920000000e+003 7.4500941128e-001
1.3920000000e+003 7.4276358911e-001
1.3940000000e+003 7.4276358911e-001
1.3940000000e+003 7.4051313052e-001
1.3960000000e+003 7.4051313052e-001
1.3960000000e+003 7.3825811880e-001
1.3980000000e+003 7.3825811880e-001
1.3980000000e+003 7.3599863717e-001
1.4000000000e+003 7.3599863717e-001
1.4000000000e+003 7.3373476881e-001
1.4020000000e+003 7.3373476881e-001
1.4020000000e+003 7.3146659686e-001
1.4040000000e+003 7.3146659686e-001
1.4040000000e+003 7.2919420437e-001
1.4060000000e+003 7.2919420437e-001
1.4060000000e+003 7.2691767435e-001
1.4080000000e+003 7.2691767435e-001
1.4080000000e+003 7.2463708975e-001
1.4100000000e+003 7.2463708975e-001
1.4100000000e+003 7.2235253344e-001
1.4120000000e+003 7.2235253344e-001
1.4120000000e+003 7.2006408819e-001
1.4140000000e+003 7.2006408819e-001
1.4140000000e+003 7.1777183672e-001
1.4160000000e+003 7.1777183672e-001
1.4160000000e+003 7.1547586165e-001
1.4180000000e+003 7.1547586165e-001
1.4180000000e+003 7.1317624551e-001
1.4200000000e+003 7.1317624551e-001
1.4200000000e+003 7.1087307072e-001
1.4220000000e+003 7.1087307072e-001
1.4220000000e+003 7.0856641963e-001
1.4240000000e+003 7.0856641963e-001
1.4240000000e+003 7.0625637444e-001
1.4260000000e+003 7.0625637444e-001
1.4260000000e+003 7.0394301729e-001
1.4280000000e+003 7.0394301729e-001
1.4280000000e+003 7.0162643015e-001
1.4300000000e+003 7.0162643015e-001
1.4300000000e+003 6.9930669492e-001
1.4320000000e+003 6.9930669492e-001
1.4320000000e+003 6.9698389334e-001
1.4340000000e+003 6.9698389334e-001
1.4340000000e+003 6.9465810703e-001
1.4360000000e+003 6.9465810703e-001
1.4360000000e+003 6.9232941750e-001
1.4380000000e+003 6.9232941750e-001
1.4380000000e+003 6.8999790608e-001
1.4400000000e+003 6.8999790608e-001
1.4400000000e+003 6.8766365398e-001
1.4420000000e+003 6.8766365398e-001
1.4420000000e+003 6.8532674227e-001
1.4440000000e+003 6.8532674227e-001
1.4440000000e+003 6.8298725184e-001
1.4460000000e+003 6.8298725184e-001
1.4460000000e+003 6.8064526346e-001
1.4480000000e+003 6.8064526346e-001
1.4480000000e+003 6.7830085772e-001
1.4500000000e+003 6.7830085772e-001
1.4500000000e+003 6.7595411502e-001
1.4520000000e+003 6.7595411502e-001
1.4520000000e+003 6.7360511564e-001
1.4540000000e+003 6.7360511564e-001
1.4540000000e+003 6.7125393966e-001
1.4560000000e+003 6.7125393966e-001
1.4560000000e+003 6.6890066696e-001
1.4580000000e+003 6.6890066696e-001
1.4580000000e+003 6.6654537728e-001
1.4600000000e+003 6.6654537728e-001
1.4600000000e+003 6.6418815014e-001
1.4620000000e+003 6.6418815014e-001
1.4620000000e+003 6.6182906489e-001
1.4640000000e+003 6.6182906489e-001
1.4640000000e+003 6.5946820067e-001
1.4660000000e+003 6.5946820067e-001
1.4660000000e+003 6.5710563642e-001
1.4680000000e+003 6.5710563642e-001
1.4680000000e+003 6.5474145090e-001
1.4700000000e+003 6.5474145090e-001
1.4700000000e+003 6.5237572262e-001
1.4720000000e+003 6.5237572262e-001
1.4720000000e+003 6.5000852992e-001
1.4740000000e+003 6.5000852992e-001
1.4740000000e+003 6.4763995090e-001
1.4760000000e+003 6.4763995090e-001
1.4760000000e+003 6.4527006345e-001
1.4780000000e+003 6.4527006345e-001
1.4780000000e+003 6.4289894523e-001
1.4800000000e+003 6.4289894523e-001
1.4800000000e+003 6.4052667366e-001
1.4820000000e+003 6.4052667366e-001
1.4820000000e+003 6.3815332596e-001
1.4840000000e+003 6.3815332596e-001
1.4840000000e+003 6.3577897909e-001
1.4860000000e+003 6.3577897909e-001
1.4860000000e+003 6.3340370978e-001
1.4880000000e+003 6.3340370978e-001
1.4880000000e+003 6.3102759451e-001
1.4900000000e+003 6.3102759451e-001
1.4900000000e+003 6.2865070951e-001
1.4920000000e+003 6.2865070951e-001
1.4920000000e+003 6.2627313077e-001
1.4940000000e+003 6.2627313077e-001
1.4940000000e+003 6.2389493401e-001
1.4960000000e+003 6.2389493401e-001
1.4960000000e+003 6.2151619472e-001
1.4980000000e+003 6.2151619472e-001
1.4980000000e+003 6.1913698810e-001
1.5000000000e+003 6.1913698810e-001
1.5000000000e+003 6.1675738908e-001
1.5020000000e+003 6.1675738908e-001
1.5020000000e+003 6.1437747236e-001
1.5040000000e+003 6.1437747236e-001
1.5040000000e+003 6.1199731232e-001
1.5060000000e+003 6.1199731232e-001
1.5060000000e+003 6.0961698309e-001
1.5080000000e+003 6.0961698309e-001
1.5080000000e+003 6.0723655852e-001
1.5100000000e+003 6.0723655852e-001
1.5100000000e+003 6.0485611216e-001
1.5120000000e+003 6.0485611216e-001
1.5120000000e+003 6.0247571730e-001
1.5140000000e+003 6.0247571730e-001
1.5140000000e+003 6.0009544691e-001
1.5160000000e+003 6.0009544691e-001
1.5160000000e+003 5.9771537369e-001
1.5180000000e+003 5.9771537369e-001
1.5180000000e+003 5.9533557003e-001
1.5200000000e+003 5.9533557003e-001
1.5200000000e+003 5.9295610802e-001
1.5220000000e+003 5.9295610802e-001
1.5220000000e+003 5.9057705946e-001
1.5240000000e+003 5.9057705946e-001
1.5240000000e+003 5.8819849583e-001
1.5260000000e+003 5.8819849583e-001
1.5260000000e+003 5.8582048829e-001
1.5280000000e+003 5.8582048829e-001
1.5280000000e+003 5.8344310773e-001
1.5300000000e+003 5.8344310773e-001
1.5300000000e+003 5.8106642467e-001
1.5320000000e+003 5.8106642467e-001
1.5320000000e+003 5.7869050934e-001
1.5340000000e+003 5.7869050934e-001
1.5340000000e+003 5.7631543166e-001
1.5360000000e+003 5.7631543166e-001
1.5360000000e+003 5.7394126120e-001
1.5380000000e+003 5.7394126120e-001
1.5380000000e+003 5.7156806720e-001
1.5400000000e+003 5.7156806720e-001
1.5400000000e+003 5.6919591860e-001
1.5420000000e+003 5.6919591860e-001
1.5420000000e+003 5.6682488398e-001
1.5440000000e+003 5.6682488398e-001
1.5440000000e+003 5.6445503158e-001
1.5460000000e+003 5.6445503158e-001
1.5460000000e+003 5.6208642932e-001
1.5480000000e+003 5.6208642932e-001
1.5480000000e+003 5.5971914478e-001
1.5500000000e+003 5.5971914478e-001
1.5500000000e+003 5.5735324516e-001
1.5520000000e+003 5.5735324516e-001
1.5520000000e+003 5.5498879735e-001
1.5540000000e+003 5.5498879735e-001
1.5540000000e+003 5.5262586788e-001
1.5560000000e+003 5.5262586788e-001
1.5560000000e+003 5.5026452292e-001
1.5580000000e+003 5.5026452292e-001
1.5580000000e+003 5.4790482828e-001
1.5600000000e+003 5.4790482828e-001
1.5600000000e+003 5.4554684943e-001
1.5620000000e+003 5.4554684943e-001
1.5620000000e+003 5.4319065147e-001
1.5640000000e+003 5.4319065147e-001
1.5640000000e+003 5.4083629914e-001
1.5660000000e+003 5.4083629914e-001
1.5660000000e+003 5.3848385680e-001
1.5680000000e+003 5.3848385680e-001
1.5680000000e+003 5.3613338847e-001
1.5700000000e+003 5.3613338847e-001
1.5700000000e+003 5.3378495777e-001
1.5720000000e+003 5.3378495777e-001
1.5720000000e+003 5.3143862797e-001
1.5740000000e+003 5.3143862797e-001
1.5740000000e+003 5.2909446196e-001
1.5760000000e+003 5.2909446196e-001
1.5760000000e+003 5.2675252225e-001
1.5780000000e+003 5.2675252225e-001
1.5780000000e+003 5.2441287097e-001
1.5800000000e+003 5.2441287097e-001
1.5800000000e+003 5.2207556987e-001
1.5820000000e+003 5.2207556987e-001
1.5820000000e+003 5.1974068032e-001
1.5840000000e+003 5.1974068032e-001
1.5840000000e+003 5.1740826331e-001
1.5860000000e+003 5.1740826331e-001
1.5860000000e+003 5.1507837943e-001
1.5880000000e+003 5.1507837943e-001
1.5880000000e+003 5.1275108889e-001
1.5900000000e+003 5.1275108889e-001
1.5900000000e+003 5.1042645150e-001
1.5920000000e+003 5.1042645150e-001
1.5920000000e+003 5.0810452668e-001
1.5940000000e+003 5.0810452668e-001
1.5940000000e+003 5.0578537347e-001
1.5960000000e+003 5.0578537347e-001
1.5960000000e+003 5.0346905050e-001
1.5980000000e+003 5.0346905050e-001
1.5980000000e+003 5.0115561599e-001
1.6000000000e+003 5.0115561599e-001
1.6000000000e+003 4.9884512778e-001
1.6020000000e+003 4.9884512778e-001
1.6020000000e+003 4.9653764330e-001
1.6040000000e+003 4.9653764330e-001
1.6040000000e+003 4.9423321958e-001
1.6060000000e+003 4.9423321958e-001
1.6060000000e+003 4.9193191323e-001
1.6080000000e+003 4.9193191323e-001
1.6080000000e+003 4.8963378048e-001
1.6100000000e+003 4.8963378048e-001
1.6100000000e+003 4.8733887712e-001
1.6120000000e+003 4.8733887712e-001
1.6120000000e+003 4.8504725855e-001
1.6140000000e+003 4.8504725855e-001
1.6140000000e+003 4.8275897976e-001
1.6160000000e+003 4.8275897976e-001
1.6160000000e+003 4.8047409532e-001
1.6180000000e+003 4.8047409532e-001
1.6180000000e+003 4.7819265939e-001
1.6200000000e+003 4.7819265939e-001
1.6200000000e+003 4.7591472570e-001
1.6220000000e+003 4.7591472570e-001
1.6220000000e+003 4.7364034758e-001
1.6240000000e+003 4.7364034758e-001
1.6240000000e+003 4.7136957793e-001
1.6260000000e+003 4.7136957793e-001
1.6260000000e+003 4.6910246925e-001
1.6280000000e+003 4.6910246925e-001
1.6280000000e+003 4.6683907360e-001
1.6300000000e+003 4.6683907360e-001
1.6300000000e+003 4.6457944262e-001
1.6320000000e+003 4.6457944262e-001
1.6320000000e+003 4.6232362753e-001
1.6340000000e+003 4.6232362753e-001
1.6340000000e+003 4.6007167913e-001
1.6360000000e+003 4.6007167913e-001
1.6360000000e+003 4.5782364778e-001
1.6380000000e+003 4.5782364778e-001
1.6380000000e+003 4.5557958344e-001
1.6400000000e+003 4.5557958344e-001
1.6400000000e+003 4.5333953563e-001
1.6420000000e+003 4.5333953563e-001
1.6420000000e+003 4.5110355342e-001
1.6440000000e+003 4.5110355342e-001
1.6440000000e+003 4.4887168547e-001
1.6460000000e+003 4.4887168547e-001
1.6460000000e+003 4.4664398003e-001
1.6480000000e+003 4.4664398003e-001
1.6480000000e+003 4.4442048489e-001
1.6500000000e+003 4.4442048489e-001
1.6500000000e+003 4.4220124741e-001
1.6520000000e+003 4.4220124741e-001
1.6520000000e+003 4.3998631454e-001
1.6540000000e+003 4.3998631454e-001
1.6540000000e+003 4.3777573276e-001
1.6560000000e+003 4.3777573276e-001
1.6560000000e+003 4.3556954816e-001
1.6580000000e+003 4.3556954816e-001
1.6580000000e+003 4.3336780636e-001
1.6600000000e+003 4.3336780636e-001
1.6600000000e+003 4.3117055256e-001
1.6620000000e+003 4.3117055256e-001
1.6620000000e+003 4.2897783153e-001
1.6640000000e+003 4.2897783153e-001
1.6640000000e+003 4.2678968759e-001
1.6660000000e+003 4.2678968759e-001
1.6660000000e+003 4.2460616463e-001
1.6680000000e+003 4.2460616463e-001
1.6680000000e+003 4.2242730610e-001
1.6700000000e+003 4.2242730610e-001
1.6700000000e+003 4.2025315502e-001
1.6720000000e+003 4.2025315502e-001
1.6720000000e+003 4.1808375397e-001
1.6740000000e+003 4.1808375397e-001
1.6740000000e+003 4.1591914508e-001
1.6760000000e+003 4.1591914508e-001
1.6760000000e+003 4.1375937006e-001
1.6780000000e+003 4.1375937006e-001
1.6780000000e+003 4.1160447016e-001
1.6800000000e+003 4.1160447016e-001
1.6800000000e+003 4.0945448620e-001
1.6820000000e+003 4.0945448620e-001
1.6820000000e+003 4.0730945857e-001
1.6840000000e+003 4.0730945857e-001
1.6840000000e+003 4.0516942722e-001
1.6860000000e+003 4.0516942722e-001
1.6860000000e+003 4.0303443163e-001
1.6880000000e+003 4.0303443163e-001
1.6880000000e+003 4.0090451088e-001
1.6900000000e+003 4.0090451088e-001
1.6900000000e+003 3.9877970359e-001
1.6920000000e+003 3.9877970359e-001
1.6920000000e+003 3.9666004794e-001
1.6940000000e+003 3.9666004794e-001
1.6940000000e+003 3.9454558167e-001
1.6960000000e+003 3.9454558167e-001
1.6960000000e+003 3.9243634209e-001
1.6980000000e+003 3.9243634209e-001
1.6980000000e+003 3.9033236606e-001
1.7000000000e+003 3.9033236606e-001
1.7000000000e+003 3.8823368999e-001
1.7020000000e+003 3.8823368999e-001
1.7020000000e+003 3.8614034988e-001
1.7040000000e+003 3.8614034988e-001
1.7040000000e+003 3.8405238126e-001
1.7060000000e+003 3.8405238126e-001
1.7060000000e+003 3.8196981924e-001
1.7080000000e+003 3.8196981924e-001
1.7080000000e+003 3.7989269849e-001
1.7100000000e+003 3.7989269849e-001
1.7100000000e+003 3.7782105322e-001
1.7120000000e+003 3.7782105322e-001
1.7120000000e+003 3.7575491723e-001
1.7140000000e+003 3.7575491723e-001
1.7140000000e+003 3.7369432387e-001
1.7160000000e+003 3.7369432387e-001
1.7160000000e+003 3.7163930603e-001
1.7180000000e+003 3.7163930603e-001
1.7180000000e+003 3.6958989621e-001
1.7200000000e+003 3.6958989621e-001
1.7200000000e+003 3.6754612642e-001
1.7220000000e+003 3.6754612642e-001
1.7220000000e+003 3.6550802827e-001
1.7240000000e+003 3.6550802827e-001
1.7240000000e+003 3.6347563293e-001
1.7260000000e+003 3.6347563293e-001
1.7260000000e+003 3.6144897111e-001
1.7280000000e+003 3.6144897111e-001
1.7280000000e+003 3.5942807312e-001
1.7300000000e+003 3.5942807312e-001
1.7300000000e+003 3.5741296879e-001
1.7320000000e+003 3.5741296879e-001
1.7320000000e+003 3.5540368757e-001
1.7340000000e+003 3.5540368757e-001
1.7340000000e+003 3.5340025843e-001
1.7360000000e+003 3.5340025843e-001
1.7360000000e+003 3.5140270993e-001
1.7380000000e+003 3.5140270993e-001
1.7380000000e+003 3.4941107020e-001
1.7400000000e+003 3.4941107020e-001
1.7400000000e+003 3.4742536693e-001
1.7420000000e+003 3.4742536693e-001
1.7420000000e+003 3.4544562738e-001
1.7440000000e+003 3.4544562738e-001
1.7440000000e+003 3.4347187837e-001
1.7460000000e+003 3.4347187837e-001
1.7460000000e+003 3.4150414632e-001
1.7480000000e+003 3.4150414632e-001
1.7480000000e+003 3.3954245720e-001
1.7500000000e+003 3.3954245720e-001
1.7500000000e+003 3.3758683655e-001
1.7520000000e+003 3.3758683655e-001
1.7520000000e+003 3.3563730949e-001
1.7540000000e+003 3.3563730949e-001
1.7540000000e+003 3.3369390073e-001
1.7560000000e+003 3.3369390073e-001
1.7560000000e+003 3.3175663452e-001
1.7580000000e+003 3.3175663452e-001
1.7580000000e+003 3.2982553471e-001
1.7600000000e+003 3.2982553471e-001
1.7600000000e+003 3.2790062474e-001
1.7620000000e+003 3.2790062474e-001
1.7620000000e+003 3.2598192759e-001
1.7640000000e+003 3.2598192759e-001
1.7640000000e+003 3.2406946585e-001
1.7660000000e+003 3.2406946585e-001
1.7660000000e+003 3.2216326168e-001
1.7680000000e+003 3.2216326168e-001
1.7680000000e+003 3.2026333683e-001
1.7700000000e+003 3.2026333683e-001
1.7700000000e+003 3.1836971262e-001
1.7720000000e+003 3.1836971262e-001
1.7720000000e+003 3.1648240996e-001
1.7740000000e+003 3.1648240996e-001
1.7740000000e+003 3.1460144933e-001
1.7760000000e+003 3.1460144933e-001
1.7760000000e+003 3.1272685084e-001
1.7780000000e+003 3.1272685084e-001
1.7780000000e+003 3.1085863413e-001
1.7800000000e+003 3.1085863413e-001
1.7800000000e+003 3.0899681847e-001
1.7820000000e+003 3.0899681847e-001
1.7820000000e+003 3.0714142271e-001
1.7840000000e+003 3.0714142271e-001
1.7840000000e+003 3.0529246528e-001
1.7860000000e+003 3.0529246528e-001
1.7860000000e+003 3.0344996421e-001
1.7880000000e+003 3.0344996421e-001
1.7880000000e+003 3.0161393712e-001
1.7900000000e+003 3.0161393712e-001
1.7900000000e+003 2.9978440124e-001
1.7920000000e+003 2.9978440124e-001
1.7920000000e+003 2.9796137338e-001
1.7940000000e+003 2.9796137338e-001
1.7940000000e+003 2.9614486995e-001
1.7960000000e+003 2.9614486995e-001
1.7960000000e+003 2.9433490697e-001
1.7980000000e+003 2.9433490697e-001
1.7980000000e+003 2.9253150006e-001
1.8000000000e+003 2.9253150006e-001
1.8000000000e+003 2.9073466442e-001
1.8020000000e+003 2.9073466442e-001
1.8020000000e+003 2.8894441488e-001
1.8040000000e+003 2.8894441488e-001
1.8040000000e+003 2.8716076587e-001
1.8060000000e+003 2.8716076587e-001
1.8060000000e+003 2.8538373142e-001
1.8080000000e+003 2.8538373142e-001
1.8080000000e+003 2.8361332516e-001
1.8100000000e+003 2.8361332516e-001
1.8100000000e+003 2.8184956036e-001
1.8120000000e+003 2.8184956036e-001
1.8120000000e+003 2.8009244987e-001
1.8140000000e+003 2.8009244987e-001
1.8140000000e+003 2.7834200618e-001
1.8160000000e+003 2.7834200618e-001
1.8160000000e+003 2.7659824137e-001
1.8180000000e+003 2.7659824137e-001
1.8180000000e+003 2.7486116716e-001
1.8200000000e+003 2.7486116716e-001
1.8200000000e+003 2.7313079486e-001
1.8220000000e+003 2.7313079486e-001
1.8220000000e+003 2.7140713543e-001
1.8240000000e+003 2.7140713543e-001
1.8240000000e+003 2.6969019944e-001
1.8260000000e+003 2.6969019944e-001
1.8260000000e+003 2.6797999708e-001
1.8280000000e+003 2.6797999708e-001
1.8280000000e+003 2.6627653816e-001
1.8300000000e+003 2.6627653816e-001
1.8300000000e+003 2.6457983213e-001
1.8320000000e+003 2.6457983213e-001
1.8320000000e+003 2.6288988807e-001
1.8340000000e+003 2.6288988807e-001
1.8340000000e+003 2.6120671467e-001
1.8360000000e+003 2.6120671467e-001
1.8360000000e+003 2.5953032028e-001
1.8380000000e+003 2.5953032028e-001
1.8380000000e+003 2.5786071286e-001
1.8400000000e+003 2.5786071286e-001
1.8400000000e+003 2.5619790003e-001
1.8420000000e+003 2.5619790003e-001
1.8420000000e+003 2.5454188903e-001
1.8440000000e+003 2.5454188903e-001
1.8440000000e+003 2.5289268674e-001
1.8460000000e+003 2.5289268674e-001
1.8460000000e+003 2.5125029969e-001
1.8480000000e+003 2.5125029969e-001
1.8480000000e+003 2.4961473405e-001
1.8500000000e+003 2.4961473405e-001
1.8500000000e+003 2.4798599563e-001
1.8520000000e+003 2.4798599563e-001
1.8520000000e+003 2.4636408991e-001
1.8540000000e+003 2.4636408991e-001
1.8540000000e+003 2.4474902199e-001
1.8560000000e+003 2.4474902199e-001
1.8560000000e+003 2.4314079664e-001
1.8580000000e+003 2.4314079664e-001
1.8580000000e+003 2.4153941829e-001
1.8600000000e+003 2.4153941829e-001
1.8600000000e+003 2.3994489099e-001
1.8620000000e+003 2.3994489099e-001
1.8620000000e+003 2.3835721849e-001
1.8640000000e+003 2.3835721849e-001
1.8640000000e+003 2.3677640417e-001
1.8660000000e+003 2.3677640417e-001
1.8660000000e+003 2.3520245110e-001
1.8680000000e+003 2.3520245110e-001
1.8680000000e+003 2.3363536198e-001
1.8700000000e+003 2.3363536198e-001
1.8700000000e+003 2.3207513920e-001
1.8720000000e+003 2.3207513920e-001
1.8720000000e+003 2.3052178481e-001
1.8740000000e+003 2.3052178481e-001
1.8740000000e+003 2.2897530053e-001
1.8760000000e+003 2.2897530053e-001
1.8760000000e+003 2.2743568775e-001
1.8780000000e+003 2.2743568775e-001
1.8780000000e+003 2.2590294754e-001
1.8800000000e+003 2.2590294754e-001
1.8800000000e+003 2.2437708065e-001
1.8820000000e+003 2.2437708065e-001
1.8820000000e+003 2.2285808749e-001
1.8840000000e+003 2.2285808749e-001
1.8840000000e+003 2.2134596817e-001
1.8860000000e+003 2.2134596817e-001
1.8860000000e+003 2.1984072247e-001
1.8880000000e+003 2.1984072247e-001
1.8880000000e+003 2.1834234986e-001
1.8900000000e+003 2.1834234986e-001
1.8900000000e+003 2.1685084950e-001
1.8920000000e+003 2.1685084950e-001
1.8920000000e+003 2.1536622024e-001
1.8940000000e+003 2.1536622024e-001
1.8940000000e+003 2.1388846060e-001
1.8960000000e+003 2.1388846060e-001
1.8960000000e+003 2.1241756884e-001
1.8980000000e+003 2.1241756884e-001
1.8980000000e+003 2.1095354286e-001
1.9000000000e+003 2.1095354286e-001
1.9000000000e+003 2.0949638030e-001
1.9020000000e+003 2.0949638030e-001
1.9020000000e+003 2.0804607848e-001
1.9040000000e+003 2.0804607848e-001
1.9040000000e+003 2.0660263444e-001
1.9060000000e+003 2.0660263444e-001
1.9060000000e+003 2.0516604489e-001
1.9080000000e+003 2.0516604489e-001
1.9080000000e+003 2.0373630629e-001
1.9100000000e+003 2.0373630629e-001
1.9100000000e+003 2.0231341479e-001
1.9120000000e+003 2.0231341479e-001
1.9120000000e+003 2.0089736623e-001
1.9140000000e+003 2.0089736623e-001
1.9140000000e+003 1.9948815621e-001
1.9160000000e+003 1.9948815621e-001
1.9160000000e+003 1.9808578000e-001
1.9180000000e+003 1.9808578000e-001
1.9180000000e+003 1.9669023263e-001
1.9200000000e+003 1.9669023263e-001
1.9200000000e+003 1.9530150881e-001
1.9220000000e+003 1.9530150881e-001
1.9220000000e+003 1.9391960301e-001
1.9240000000e+003 1.9391960301e-001
1.9240000000e+003 1.9254450939e-001
1.9260000000e+003 1.9254450939e-001
1.9260000000e+003 1.9117622188e-001
1.9280000000e+003 1.9117622188e-001
1.9280000000e+003 1.8981473409e-001
1.9300000000e+003 1.8981473409e-001
1.9300000000e+003 1.8846003940e-001
1.9320000000e+003 1.8846003940e-001
1.9320000000e+003 1.8711213091e-001
1.9340000000e+003 1.8711213091e-001
1.9340000000e+003 1.8577100147e-001
1.9360000000e+003 1.8577100147e-001
1.9360000000e+003 1.8443664364e-001
1.9380000000e+003 1.8443664364e-001
1.9380000000e+003 1.8310904976e-001
1.9400000000e+003 1.8310904976e-001
1.9400000000e+003 1.8178821187e-001
1.9420000000e+003 1.8178821187e-001
1.9420000000e+003 1.8047412180e-001
1.9440000000e+003 1.8047412180e-001
1.9440000000e+003 1.7916677110e-001
1.9460000000e+003 1.7916677110e-001
1.9460000000e+003 1.7786615107e-001
1.9480000000e+003 1.7786615107e-001
1.9480000000e+003 1.7657225279e-001
1.9500000000e+003 1.7657225279e-001
1.9500000000e+003 1.7528506707e-001
1.9520000000e+003 1.7528506707e-001
1.9520000000e+003 1.7400458448e-001
1.9540000000e+003 1.7400458448e-001
1.9540000000e+003 1.7273079536e-001
1.9560000000e+003 1.7273079536e-001
1.9560000000e+003 1.7146368981e-001
1.9580000000e+003 1.7146368981e-001
1.9580000000e+003 1.7020325769e-001
1.9600000000e+003 1.7020325769e-001
1.9600000000e+003 1.6894948863e-001
1.9620000000e+003 1.6894948863e-001
1.9620000000e+003 1.6770237202e-001
1.9640000000e+003 1.6770237202e-001
1.9640000000e+003 1.6646189705e-001
1.9660000000e+003 1.6646189705e-001
1.9660000000e+003 1.6522805266e-001
1.9680000000e+003 1.6522805266e-001
1.9680000000e+003 1.6400082757e-001
1.9700000000e+003 1.6400082757e-001
1.9700000000e+003 1.6278021028e-001
1.9720000000e+003 1.6278021028e-001
1.9720000000e+003 1.6156618907e-001
1.9740000000e+003 1.6156618907e-001
1.9740000000e+003 1.6035875201e-001
1.9760000000e+003 1.6035875201e-001
1.9760000000e+003 1.5915788695e-001
1.9780000000e+003 1.5915788695e-001
1.9780000000e+003 1.5796358154e-001
1.9800000000e+003 1.5796358154e-001
1.9800000000e+003 1.5677582320e-001
1.9820000000e+003 1.5677582320e-001
1.9820000000e+003 1.5559459915e-001
1.9840000000e+003 1.5559459915e-001
1.9840000000e+003 1.5441989643e-001
1.9860000000e+003 1.5441989643e-001
1.9860000000e+003 1.5325170183e-001
1.9880000000e+003 1.5325170183e-001
1.9880000000e+003 1.5209000199e-001
1.9900000000e+003 1.5209000199e-001
1.9900000000e+003 1.5093478332e-001
1.9920000000e+003 1.5093478332e-001
1.9920000000e+003 1.4978603205e-001
1.9940000000e+003 1.4978603205e-001
1.9940000000e+003 1.4864373420e-001
1.9960000000e+003 1.4864373420e-001
1.9960000000e+003 1.4750787563e-001
1.9980000000e+003 1.4750787563e-001
1.9980000000e+003 1.4637844197e-001
2.0000000000e+003 1.4637844197e-001
