0.0000000000e+000 5.4549218838e-001
2.0000000000e+000 5.4549218838e-001
2.0000000000e+000 5.4548418838e-001
4.0000000000e+000 5.4548418838e-001
4.0000000000e+000 5.4547618838e-001
6.0000000000e+000 5.4547618838e-001
6.0000000000e+000 5.4546818838e-001
8.0000000000e+000 5.4546818838e-001
8.0000000000e+000 5.4546018838e-001
1.0000000000e+001 5.4546018838e-001
1.0000000000e+001 5.4545218838e-001
1.2000000000e+001 5.4545218838e-001
1.2000000000e+001 5.4544418838e-001
1.4000000000e+001 5.4544418838e-001
1.4000000000e+001 5.4543618838e-001
1.6000000000e+001 5.4543618838e-001
1.6000000000e+001 5.4542818838e-001
1.8000000000e+001 5.4542818838e-001
1.8000000000e+001 5.4542018838e-001
2.0000000000e+001 5.4542018838e-001
2.0000000000e+001 5.4541218838e-001
2.2000000000e+001 5.4541218838e-001
2.2000000000e+001 5.4540418838e-001
2.4000000000e+001 5.4540418838e-001
2.4000000000e+001 5.4539618838e-001
2.6000000000e+001 5.4539618838e-001
2.6000000000e+001 5.4538818838e-001
2.8000000000e+001 5.4538818838e-001
2.8000000000e+001 5.4538018838e-001
3.0000000000e+001 5.4538018838e-001
3.0000000000e+001 5.4537218838e-001
3.2000000000e+001 5.4537218838e-001
3.2000000000e+001 5.4536418838e-001
3.4000000000e+001 5.4536418838e-001
3.4000000000e+001 5.4535618838e-001
3.6000000000e+001 5.4535618838e-001
3.6000000000e+001 5.4534818838e-001
3.8000000000e+001 5.4534818838e-001
3.8000000000e+001 5.4534018838e-001
4.0000000000e+001 5.4534018838e-001
4.0000000000e+001 5.4533218838e-001
4.2000000000e+001 5.4533218838e-001
4.2000000000e+001 5.4532418838e-001
4.4000000000e+001 5.4532418838e-001
4.4000000000e+001 5.4531618838e-001
4.6000000000e+001 5.4531618838e-001
4.6000000000e+001 5.4530818838e-001
4.8000000000e+001 5.4530818838e-001
4.8000000000e+001 5.4530018838e-001
5.0000000000e+001 5.4530018838e-001
5.0000000000e+001 5.4529218838e-001
5.2000000000e+001 5.4529218838e-001
5.2000000000e+001 5.4528418838e-001
5.4000000000e+001 5.4528418838e-001
5.4000000000e+001 5.4527618838e-001
5.6000000000e+001 5.4527618838e-001
5.6000000000e+001 5.4526818838e-001
5.8000000000e+001 5.4526818838e-001
5.8000000000e+001 5.4526018838e-001
6.0000000000e+001 5.4526018838e-001
6.0000000000e+001 5.4525218838e-001
6.2000000000e+001 5.4525218838e-001
6.2000000000e+001 5.4524418838e-001
6.4000000000e+001 5.4524418838e-001
6.4000000000e+001 5.4523618838e-001
6.6000000000e+001 5.4523618838e-001
6.6000000000e+001 5.4522818838e-001
6.8000000000e+001 5.4522818838e-001
6.8000000000e+001 5.4522018838e-001
7.0000000000e+001 5.4522018838e-001
7.0000000000e+001 5.4521218838e-001
7.2000000000e+001 5.4521218838e-001
7.2000000000e+001 5.4520418838e-001
7.4000000000e+001 5.4520418838e-001
7.4000000000e+001 5.4519618838e-001
7.6000000000e+001 5.4519618838e-001
7.6000000000e+001 5.4518818838e-001
7.8000000000e+001 5.4518818838e-001
7.8000000000e+001 5.4518018838e-001
8.0000000000e+001 5.4518018838e-001
8.0000000000e+001 5.4517218838e-001
8.2000000000e+001 5.4517218838e-001
8.2000000000e+001 5.4516418838e-001
8.4000000000e+001 5.4516418838e-001
8.4000000000e+001 5.4515618838e-001
8.6000000000e+001 5.4515618838e-001
8.6000000000e+001 5.4514818838e-001
8.8000000000e+001 5.4514818838e-001
8.8000000000e+001 5.4514018838e-001
9.0000000000e+001 5.4514018838e-001
9.0000000000e+001 5.4513218838e-001
9.2000000000e+001 5.4513218838e-001
9.2000000000e+001 5.4512418838e-001
9.4000000000e+001 5.4512418838e-001
9.4000000000e+001 5.4511618838e-001
9.6000000000e+001 5.4511618838e-001
9.6000000000e+001 5.4510818838e-001
9.8000000000e+001 5.4510818838e-001
9.8000000000e+001 5.4510018838e-001
1.0000000000e+002 5.4510018838e-001
1.0000000000e+002 5.4509218838e-001
1.0200000000e+002 5.4509218838e-001
1.0200000000e+002 5.4508418838e-001
1.0400000000e+002 5.4508418838e-001
1.0400000000e+002 5.4507618838e-001
1.0600000000e+002 5.4507618838e-001
1.0600000000e+002 5.4506818838e-001
1.0800000000e+002 5.4506818838e-001
1.0800000000e+002 5.4506018838e-001
1.1000000000e+002 5.4506018838e-001
1.1000000000e+002 5.4505218838e-001
1.1200000000e+002 5.4505218838e-001
1.1200000000e+002 5.4504418838e-001
1.1400000000e+002 5.4504418838e-001
1.1400000000e+002 5.4503618838e-001
1.1600000000e+002 5.4503618838e-001
1.1600000000e+002 5.4502818838e-001
1.1800000000e+002 5.4502818838e-001
1.1800000000e+002 5.4502018838e-001
1.2000000000e+002 5.4502018838e-001
1.2000000000e+002 5.4501218838e-001
1.2200000000e+002 5.4501218838e-001
1.2200000000e+002 5.4500418838e-001
1.2400000000e+002 5.4500418838e-001
1.2400000000e+002 5.4499618838e-001
1.2600000000e+002 5.4499618838e-001
1.2600000000e+002 5.4498818838e-001
1.2800000000e+002 5.4498818838e-001
1.2800000000e+002 5.4498018838e-001
1.3000000000e+002 5.4498018838e-001
1.3000000000e+002 5.4497218838e-001
1.3200000000e+002 5.4497218838e-001
1.3200000000e+002 5.4496418838e-001
1.3400000000e+002 5.4496418838e-001
1.3400000000e+002 5.4495618838e-001
1.3600000000e+002 5.4495618838e-001
1.3600000000e+002 5.4494818838e-001
1.3800000000e+002 5.4494818838e-001
1.3800000000e+002 5.4494018838e-001
1.4000000000e+002 5.4494018838e-001
1.4000000000e+002 5.4493218838e-001
1.4200000000e+002 5.4493218838e-001
1.4200000000e+002 5.4492418838e-001
1.4400000000e+002 5.4492418838e-001
1.4400000000e+002 5.4491618838e-001
1.4600000000e+002 5.4491618838e-001
1.4600000000e+002 5.4490818838e-001
1.4800000000e+002 5.4490818838e-001
1.4800000000e+002 5.4490018838e-001
1.5000000000e+002 5.4490018838e-001
1.5000000000e+002 5.4489218838e-001
1.5200000000e+002 5.4489218838e-001
1.5200000000e+002 5.4488418838e-001
1.5400000000e+002 5.4488418838e-001
1.5400000000e+002 5.4487618838e-001
1.5600000000e+002 5.4487618838e-001
1.5600000000e+002 5.4486818838e-001
1.5800000000e+002 5.4486818838e-001
1.5800000000e+002 5.4486018838e-001
1.6000000000e+002 5.4486018838e-001
1.6000000000e+002 5.4485218838e-001
1.6200000000e+002 5.4485218838e-001
1.6200000000e+002 5.4484418838e-001
1.6400000000e+002 5.4484418838e-001
1.6400000000e+002 5.4483618838e-001
1.6600000000e+002 5.4483618838e-001
1.6600000000e+002 5.4482818838e-001
1.6800000000e+002 5.4482818838e-001
1.6800000000e+002 5.4482018838e-001
1.7000000000e+002 5.4482018838e-001
1.7000000000e+002 5.4481218838e-001
1.7200000000e+002 5.4481218838e-001
1.7200000000e+002 5.4480418838e-001
1.7400000000e+002 5.4480418838e-001
1.7400000000e+002 5.4479618838e-001
1.7600000000e+002 5.4479618838e-001
1.7600000000e+002 5.4478818838e-001
1.7800000000e+002 5.4478818838e-001
1.7800000000e+002 5.4478018838e-001
1.8000000000e+002 5.4478018838e-001
1.8000000000e+002 5.4477218838e-001
1.8200000000e+002 5.4477218838e-001
1.8200000000e+002 5.4476418838e-001
1.8400000000e+002 5.4476418838e-001
1.8400000000e+002 5.4475618838e-001
1.8600000000e+002 5.4475618838e-001
1.8600000000e+002 5.4474818838e-001
1.8800000000e+002 5.4474818838e-001
1.8800000000e+002 5.4474018838e-001
1.9000000000e+002 5.4474018838e-001
1.9000000000e+002 5.4473218838e-001
1.9200000000e+002 5.4473218838e-001
1.9200000000e+002 5.4472418838e-001
1.9400000000e+002 5.4472418838e-001
1.9400000000e+002 5.4471618838e-001
1.9600000000e+002 5.4471618838e-001
1.9600000000e+002 5.4470818838e-001
1.9800000000e+002 5.4470818838e-001
1.9800000000e+002 5.4470018838e-001
2.0000000000e+002 5.4470018838e-001
2.0000000000e+002 5.4469218838e-001
2.0200000000e+002 5.4469218838e-001
2.0200000000e+002 5.4468418838e-001
2.0400000000e+002 5.4468418838e-001
2.0400000000e+002 5.4467618838e-001
2.0600000000e+002 5.4467618838e-001
2.0600000000e+002 5.4466818838e-001
2.0800000000e+002 5.4466818838e-001
2.0800000000e+002 5.4466018838e-001
2.1000000000e+002 5.4466018838e-001
2.1000000000e+002 5.4465218838e-001
2.1200000000e+002 5.4465218838e-001
2.1200000000e+002 5.4464418838e-001
2.1400000000e+002 5.4464418838e-001
2.1400000000e+002 5.4463618838e-001
2.1600000000e+002 5.4463618838e-001
2.1600000000e+002 5.4462818838e-001
2.1800000000e+002 5.4462818838e-001
2.1800000000e+002 5.4462018838e-001
2.2000000000e+002 5.4462018838e-001
2.2000000000e+002 5.4461218838e-001
2.2200000000e+002 5.4461218838e-001
2.2200000000e+002 5.4460418838e-001
2.2400000000e+002 5.4460418838e-001
2.2400000000e+002 5.4459618838e-001
2.2600000000e+002 5.4459618838e-001
2.2600000000e+002 5.4458818838e-001
2.2800000000e+002 5.4458818838e-001
2.2800000000e+002 5.4458018838e-001
2.3000000000e+002 5.4458018838e-001
2.3000000000e+002 5.4457218838e-001
2.3200000000e+002 5.4457218838e-001
2.3200000000e+002 5.4456418838e-001
2.3400000000e+002 5.4456418838e-001
2.3400000000e+002 5.4455618838e-001
2.3600000000e+002 5.4455618838e-001
2.3600000000e+002 5.4454818838e-001
2.3800000000e+002 5.4454818838e-001
2.3800000000e+002 5.4454018838e-001
2.4000000000e+002 5.4454018838e-001
2.4000000000e+002 5.4453218838e-001
2.4200000000e+002 5.4453218838e-001
2.4200000000e+002 5.4452418838e-001
2.4400000000e+002 5.4452418838e-001
2.4400000000e+002 5.4451618838e-001
2.4600000000e+002 5.4451618838e-001
2.4600000000e+002 5.4450818838e-001
2.4800000000e+002 5.4450818838e-001
2.4800000000e+002 5.4450018838e-001
2.5000000000e+002 5.4450018838e-001
2.5000000000e+002 5.4449218838e-001
2.5200000000e+002 5.4449218838e-001
2.5200000000e+002 5.4448418838e-001
2.5400000000e+002 5.4448418838e-001
2.5400000000e+002 5.4447618838e-001
2.5600000000e+002 5.4447618838e-001
2.5600000000e+002 5.4446818838e-001
2.5800000000e+002 5.4446818838e-001
2.5800000000e+002 5.4446018838e-001
2.6000000000e+002 5.4446018838e-001
2.6000000000e+002 5.4445218838e-001
2.6200000000e+002 5.4445218838e-001
2.6200000000e+002 5.4444418838e-001
2.6400000000e+002 5.4444418838e-001
2.6400000000e+002 5.4443618838e-001
2.6600000000e+002 5.4443618838e-001
2.6600000000e+002 5.4442818838e-001
2.6800000000e+002 5.4442818838e-001
2.6800000000e+002 5.4442018838e-001
2.7000000000e+002 5.4442018838e-001
2.7000000000e+002 5.4441218838e-001
2.7200000000e+002 5.4441218838e-001
2.7200000000e+002 5.4440418838e-001
2.7400000000e+002 5.4440418838e-001
2.7400000000e+002 5.4439618838e-001
2.7600000000e+002 5.4439618838e-001
2.7600000000e+002 5.4438818838e-001
2.7800000000e+002 5.4438818838e-001
2.7800000000e+002 5.4438018838e-001
2.8000000000e+002 5.4438018838e-001
2.8000000000e+002 5.4437218838e-001
2.8200000000e+002 5.4437218838e-001
2.8200000000e+002 5.4436418838e-001
2.8400000000e+002 5.4436418838e-001
2.8400000000e+002 5.4435618838e-001
2.8600000000e+002 5.4435618838e-001
2.8600000000e+002 5.4434818838e-001
2.8800000000e+002 5.4434818838e-001
2.8800000000e+002 5.4434018838e-001
2.9000000000e+002 5.4434018838e-001
2.9000000000e+002 5.4433218838e-001
2.9200000000e+002 5.4433218838e-001
2.9200000000e+002 5.4432418838e-001
2.9400000000e+002 5.4432418838e-001
2.9400000000e+002 5.4431618838e-001
2.9600000000e+002 5.4431618838e-001
2.9600000000e+002 5.4430818838e-001
2.9800000000e+002 5.4430818838e-001
2.9800000000e+002 5.4430018838e-001
3.0000000000e+002 5.4430018838e-001
3.0000000000e+002 5.4429218838e-001
3.0200000000e+002 5.4429218838e-001
3.0200000000e+002 5.4428418838e-001
3.0400000000e+002 5.4428418838e-001
3.0400000000e+002 5.4427618838e-001
3.0600000000e+002 5.4427618838e-001
3.0600000000e+002 5.4426818838e-001
3.0800000000e+002 5.4426818838e-001
3.0800000000e+002 5.4426018838e-001
3.1000000000e+002 5.4426018838e-001
3.1000000000e+002 5.4425218838e-001
3.1200000000e+002 5.4425218838e-001
3.1200000000e+002 5.4424418838e-001
3.1400000000e+002 5.4424418838e-001
3.1400000000e+002 5.4423618838e-001
3.1600000000e+002 5.4423618838e-001
3.1600000000e+002 5.4422818838e-001
3.1800000000e+002 5.4422818838e-001
3.1800000000e+002 5.4422018838e-001
3.2000000000e+002 5.4422018838e-001
3.2000000000e+002 5.4421218838e-001
3.2200000000e+002 5.4421218838e-001
3.2200000000e+002 5.4420418838e-001
3.2400000000e+002 5.4420418838e-001
3.2400000000e+002 5.4419618838e-001
3.2600000000e+002 5.4419618838e-001
3.2600000000e+002 5.4418818838e-001
3.2800000000e+002 5.4418818838e-001
3.2800000000e+002 5.4418018838e-001
3.3000000000e+002 5.4418018838e-001
3.3000000000e+002 5.4417218838e-001
3.3200000000e+002 5.4417218838e-001
3.3200000000e+002 5.4416418838e-001
3.3400000000e+002 5.4416418838e-001
3.3400000000e+002 5.4415618838e-001
3.3600000000e+002 5.4415618838e-001
3.3600000000e+002 5.4414818838e-001
3.3800000000e+002 5.4414818838e-001
3.3800000000e+002 5.4414018838e-001
3.4000000000e+002 5.4414018838e-001
3.4000000000e+002 5.4413218838e-001
3.4200000000e+002 5.4413218838e-001
3.4200000000e+002 5.4412418838e-001
3.4400000000e+002 5.4412418838e-001
3.4400000000e+002 5.4411618838e-001
3.4600000000e+002 5.4411618838e-001
3.4600000000e+002 5.4410818838e-001
3.4800000000e+002 5.4410818838e-001
3.4800000000e+002 5.4410018838e-001
3.5000000000e+002 5.4410018838e-001
3.5000000000e+002 5.4409218838e-001
3.5200000000e+002 5.4409218838e-001
3.5200000000e+002 5.4408418838e-001
3.5400000000e+002 5.4408418838e-001
3.5400000000e+002 5.4407618838e-001
3.5600000000e+002 5.4407618838e-001
3.5600000000e+002 5.4406818838e-001
3.5800000000e+002 5.4406818838e-001
3.5800000000e+002 5.4406018838e-001
3.6000000000e+002 5.4406018838e-001
3.6000000000e+002 5.4405218838e-001
3.6200000000e+002 5.4405218838e-001
3.6200000000e+002 5.4404418838e-001
3.6400000000e+002 5.4404418838e-001
3.6400000000e+002 5.4403618838e-001
3.6600000000e+002 5.4403618838e-001
3.6600000000e+002 5.4402818838e-001
3.6800000000e+002 5.4402818838e-001
3.6800000000e+002 5.4402018838e-001
3.7000000000e+002 5.4402018838e-001
3.7000000000e+002 5.4401218838e-001
3.7200000000e+002 5.4401218838e-001
3.7200000000e+002 5.4400418838e-001
3.7400000000e+002 5.4400418838e-001
3.7400000000e+002 5.4399618838e-001
3.7600000000e+002 5.4399618838e-001
3.7600000000e+002 5.4398818838e-001
3.7800000000e+002 5.4398818838e-001
3.7800000000e+002 5.4398018838e-001
3.8000000000e+002 5.4398018838e-001
3.8000000000e+002 5.4397218838e-001
3.8200000000e+002 5.4397218838e-001
3.8200000000e+002 5.4396418838e-001
3.8400000000e+002 5.4396418838e-001
3.8400000000e+002 5.4395618838e-001
3.8600000000e+002 5.4395618838e-001
3.8600000000e+002 5.4394818838e-001
3.8800000000e+002 5.4394818838e-001
3.8800000000e+002 5.4394018838e-001
3.9000000000e+002 5.4394018838e-001
3.9000000000e+002 5.4393218838e-001
3.9200000000e+002 5.4393218838e-001
3.9200000000e+002 5.4392418838e-001
3.9400000000e+002 5.4392418838e-001
3.9400000000e+002 5.4391618838e-001
3.9600000000e+002 5.4391618838e-001
3.9600000000e+002 5.4390818838e-001
3.9800000000e+002 5.4390818838e-001
3.9800000000e+002 5.4390018838e-001
4.0000000000e+002 5.4390018838e-001
4.0000000000e+002 5.4389218838e-001
4.0200000000e+002 5.4389218838e-001
4.0200000000e+002 5.4388418838e-001
4.0400000000e+002 5.4388418838e-001
4.0400000000e+002 5.4387618838e-001
4.0600000000e+002 5.4387618838e-001
4.0600000000e+002 5.4386818838e-001
4.0800000000e+002 5.4386818838e-001
4.0800000000e+002 5.4386018838e-001
4.1000000000e+002 5.4386018838e-001
4.1000000000e+002 5.4385218838e-001
4.1200000000e+002 5.4385218838e-001
4.1200000000e+002 5.4384418838e-001
4.1400000000e+002 5.4384418838e-001
4.1400000000e+002 5.4383618838e-001
4.1600000000e+002 5.4383618838e-001
4.1600000000e+002 5.4382818838e-001
4.1800000000e+002 5.4382818838e-001
4.1800000000e+002 5.4382018838e-001
4.2000000000e+002 5.4382018838e-001
4.2000000000e+002 5.4381218838e-001
4.2200000000e+002 5.4381218838e-001
4.2200000000e+002 5.4380418838e-001
4.2400000000e+002 5.4380418838e-001
4.2400000000e+002 5.4379618838e-001
4.2600000000e+002 5.4379618838e-001
4.2600000000e+002 5.4378818838e-001
4.2800000000e+002 5.4378818838e-001
4.2800000000e+002 5.4378018838e-001
4.3000000000e+002 5.4378018838e-001
4.3000000000e+002 5.4377218838e-001
4.3200000000e+002 5.4377218838e-001
4.3200000000e+002 5.4376418838e-001
4.3400000000e+002 5.4376418838e-001
4.3400000000e+002 5.4375618838e-001
4.3600000000e+002 5.4375618838e-001
4.3600000000e+002 5.4374818838e-001
4.3800000000e+002 5.4374818838e-001
4.3800000000e+002 5.4374018838e-001
4.4000000000e+002 5.4374018838e-001
4.4000000000e+002 5.4373218838e-001
4.4200000000e+002 5.4373218838e-001
4.4200000000e+002 5.4372418838e-001
4.4400000000e+002 5.4372418838e-001
4.4400000000e+002 5.4371618838e-001
4.4600000000e+002 5.4371618838e-001
4.4600000000e+002 5.4370818838e-001
4.4800000000e+002 5.4370818838e-001
4.4800000000e+002 5.4370018838e-001
4.5000000000e+002 5.4370018838e-001
4.5000000000e+002 5.4369218838e-001
4.5200000000e+002 5.4369218838e-001
4.5200000000e+002 5.4368418838e-001
4.5400000000e+002 5.4368418838e-001
4.5400000000e+002 5.4367618838e-001
4.5600000000e+002 5.4367618838e-001
4.5600000000e+002 5.4366818838e-001
4.5800000000e+002 5.4366818838e-001
4.5800000000e+002 5.4366018838e-001
4.6000000000e+002 5.4366018838e-001
4.6000000000e+002 5.4365218838e-001
4.6200000000e+002 5.4365218838e-001
4.6200000000e+002 5.4364418838e-001
4.6400000000e+002 5.4364418838e-001
4.6400000000e+002 5.4363618838e-001
4.6600000000e+002 5.4363618838e-001
4.6600000000e+002 5.4362818838e-001
4.6800000000e+002 5.4362818838e-001
4.6800000000e+002 5.4362018838e-001
4.7000000000e+002 5.4362018838e-001
4.7000000000e+002 5.4361218838e-001
4.7200000000e+002 5.4361218838e-001
4.7200000000e+002 5.4360418838e-001
4.7400000000e+002 5.4360418838e-001
4.7400000000e+002 5.4359618838e-001
4.7600000000e+002 5.4359618838e-001
4.7600000000e+002 5.4358818838e-001
4.7800000000e+002 5.4358818838e-001
4.7800000000e+002 5.4358018838e-001
4.8000000000e+002 5.4358018838e-001
4.8000000000e+002 5.4357218838e-001
4.8200000000e+002 5.4357218838e-001
4.8200000000e+002 5.4356418838e-001
4.8400000000e+002 5.4356418838e-001
4.8400000000e+002 5.4355618838e-001
4.8600000000e+002 5.4355618838e-001
4.8600000000e+002 5.4354818838e-001
4.8800000000e+002 5.4354818838e-001
4.8800000000e+002 5.4354018838e-001
4.9000000000e+002 5.4354018838e-001
4.9000000000e+002 5.4353218838e-001
4.9200000000e+002 5.4353218838e-001
4.9200000000e+002 5.4352418838e-001
4.9400000000e+002 5.4352418838e-001
4.9400000000e+002 5.4351618838e-001
4.9600000000e+002 5.4351618838e-001
4.9600000000e+002 5.4350818838e-001
4.9800000000e+002 5.4350818838e-001
4.9800000000e+002 5.4350018838e-001
5.0000000000e+002 5.4350018838e-001
5.0000000000e+002 5.4349218838e-001
5.0200000000e+002 5.4349218838e-001
5.0200000000e+002 5.4348418838e-001
5.0400000000e+002 5.4348418838e-001
5.0400000000e+002 5.4347618838e-001
5.0600000000e+002 5.4347618838e-001
5.0600000000e+002 5.4346818838e-001
5.0800000000e+002 5.4346818838e-001
5.0800000000e+002 5.4346018838e-001
5.1000000000e+002 5.4346018838e-001
5.1000000000e+002 5.4345218838e-001
5.1200000000e+002 5.4345218838e-001
5.1200000000e+002 5.4344418838e-001
5.1400000000e+002 5.4344418838e-001
5.1400000000e+002 5.4343618838e-001
5.1600000000e+002 5.4343618838e-001
5.1600000000e+002 5.4342818838e-001
5.1800000000e+002 5.4342818838e-001
5.1800000000e+002 5.4342018838e-001
5.2000000000e+002 5.4342018838e-001
5.2000000000e+002 5.4341218838e-001
5.2200000000e+002 5.4341218838e-001
5.2200000000e+002 5.4340418838e-001
5.2400000000e+002 5.4340418838e-001
5.2400000000e+002 5.4339618838e-001
5.2600000000e+002 5.4339618838e-001
5.2600000000e+002 5.4338818838e-001
5.2800000000e+002 5.4338818838e-001
5.2800000000e+002 5.4338018838e-001
5.3000000000e+002 5.4338018838e-001
5.3000000000e+002 5.4337218838e-001
5.3200000000e+002 5.4337218838e-001
5.3200000000e+002 5.4336418838e-001
5.3400000000e+002 5.4336418838e-001
5.3400000000e+002 5.4335618838e-001
5.3600000000e+002 5.4335618838e-001
5.3600000000e+002 5.4334818838e-001
5.3800000000e+002 5.4334818838e-001
5.3800000000e+002 5.4334018838e-001
5.4000000000e+002 5.4334018838e-001
5.4000000000e+002 5.4333218838e-001
5.4200000000e+002 5.4333218838e-001
5.4200000000e+002 5.4332418838e-001
5.4400000000e+002 5.4332418838e-001
5.4400000000e+002 5.4331618838e-001
5.4600000000e+002 5.4331618838e-001
5.4600000000e+002 5.4330818838e-001
5.4800000000e+002 5.4330818838e-001
5.4800000000e+002 5.4330018838e-001
5.5000000000e+002 5.4330018838e-001
5.5000000000e+002 5.4329218838e-001
5.5200000000e+002 5.4329218838e-001
5.5200000000e+002 5.4328418838e-001
5.5400000000e+002 5.4328418838e-001
5.5400000000e+002 5.4327618838e-001
5.5600000000e+002 5.4327618838e-001
5.5600000000e+002 5.4326818838e-001
5.5800000000e+002 5.4326818838e-001
5.5800000000e+002 5.4326018838e-001
5.6000000000e+002 5.4326018838e-001
5.6000000000e+002 5.4325218838e-001
5.6200000000e+002 5.4325218838e-001
5.6200000000e+002 5.4324418838e-001
5.6400000000e+002 5.4324418838e-001
5.6400000000e+002 5.4323618838e-001
5.6600000000e+002 5.4323618838e-001
5.6600000000e+002 5.4322818838e-001
5.6800000000e+002 5.4322818838e-001
5.6800000000e+002 5.4322018838e-001
5.7000000000e+002 5.4322018838e-001
5.7000000000e+002 5.4321218838e-001
5.7200000000e+002 5.4321218838e-001
5.7200000000e+002 5.4320418838e-001
5.7400000000e+002 5.4320418838e-001
5.7400000000e+002 5.4319618838e-001
5.7600000000e+002 5.4319618838e-001
5.7600000000e+002 5.4318818838e-001
5.7800000000e+002 5.4318818838e-001
5.7800000000e+002 5.4318018838e-001
5.8000000000e+002 5.4318018838e-001
5.8000000000e+002 5.4317218838e-001
5.8200000000e+002 5.4317218838e-001
5.8200000000e+002 5.4316418838e-001
5.8400000000e+002 5.4316418838e-001
5.8400000000e+002 5.4315618838e-001
5.8600000000e+002 5.4315618838e-001
5.8600000000e+002 5.4314818838e-001
5.8800000000e+002 5.4314818838e-001
5.8800000000e+002 5.4314018838e-001
5.9000000000e+002 5.4314018838e-001
5.9000000000e+002 5.4313218838e-001
5.9200000000e+002 5.4313218838e-001
5.9200000000e+002 5.4312418838e-001
5.9400000000e+002 5.4312418838e-001
5.9400000000e+002 5.4311618838e-001
5.9600000000e+002 5.4311618838e-001
5.9600000000e+002 5.4310818838e-001
5.9800000000e+002 5.4310818838e-001
5.9800000000e+002 5.4310018838e-001
6.0000000000e+002 5.4310018838e-001
6.0000000000e+002 5.4309218838e-001
6.0200000000e+002 5.4309218838e-001
6.0200000000e+002 5.4308418838e-001
6.0400000000e+002 5.4308418838e-001
6.0400000000e+002 5.4307618838e-001
6.0600000000e+002 5.4307618838e-001
6.0600000000e+002 5.4306818838e-001
6.0800000000e+002 5.4306818838e-001
6.0800000000e+002 5.4306018838e-001
6.1000000000e+002 5.4306018838e-001
6.1000000000e+002 5.4305218838e-001
6.1200000000e+002 5.4305218838e-001
6.1200000000e+002 5.4304418838e-001
6.1400000000e+002 5.4304418838e-001
6.1400000000e+002 5.4303618838e-001
6.1600000000e+002 5.4303618838e-001
6.1600000000e+002 5.4302818838e-001
6.1800000000e+002 5.4302818838e-001
6.1800000000e+002 5.4302018838e-001
6.2000000000e+002 5.4302018838e-001
6.2000000000e+002 5.4301218838e-001
6.2200000000e+002 5.4301218838e-001
6.2200000000e+002 5.4300418838e-001
6.2400000000e+002 5.4300418838e-001
6.2400000000e+002 5.4299618838e-001
6.2600000000e+002 5.4299618838e-001
6.2600000000e+002 5.4298818838e-001
6.2800000000e+002 5.4298818838e-001
6.2800000000e+002 5.4298018838e-001
6.3000000000e+002 5.4298018838e-001
6.3000000000e+002 5.4297218838e-001
6.3200000000e+002 5.4297218838e-001
6.3200000000e+002 5.4296418838e-001
6.3400000000e+002 5.4296418838e-001
6.3400000000e+002 5.4295618838e-001
6.3600000000e+002 5.4295618838e-001
6.3600000000e+002 5.4294818838e-001
6.3800000000e+002 5.4294818838e-001
6.3800000000e+002 5.4294018838e-001
6.4000000000e+002 5.4294018838e-001
6.4000000000e+002 5.4293218838e-001
6.4200000000e+002 5.4293218838e-001
6.4200000000e+002 5.4292418838e-001
6.4400000000e+002 5.4292418838e-001
6.4400000000e+002 5.4291618838e-001
6.4600000000e+002 5.4291618838e-001
6.4600000000e+002 5.4290818838e-001
6.4800000000e+002 5.4290818838e-001
6.4800000000e+002 5.4290018838e-001
6.5000000000e+002 5.4290018838e-001
6.5000000000e+002 5.4289218838e-001
6.5200000000e+002 5.4289218838e-001
6.5200000000e+002 5.4288418838e-001
6.5400000000e+002 5.4288418838e-001
6.5400000000e+002 5.4287618838e-001
6.5600000000e+002 5.4287618838e-001
6.5600000000e+002 5.4286818838e-001
6.5800000000e+002 5.4286818838e-001
6.5800000000e+002 5.4286018838e-001
6.6000000000e+002 5.4286018838e-001
6.6000000000e+002 5.4285218838e-001
6.6200000000e+002 5.4285218838e-001
6.6200000000e+002 5.4284418838e-001
6.6400000000e+002 5.4284418838e-001
6.6400000000e+002 5.4283618838e-001
6.6600000000e+002 5.4283618838e-001
6.6600000000e+002 5.4282818838e-001
6.6800000000e+002 5.4282818838e-001
6.6800000000e+002 5.4282018838e-001
6.7000000000e+002 5.4282018838e-001
6.7000000000e+002 5.4281218838e-001
6.7200000000e+002 5.4281218838e-001
6.7200000000e+002 5.4280418838e-001
6.7400000000e+002 5.4280418838e-001
6.7400000000e+002 5.4279618838e-001
6.7600000000e+002 5.4279618838e-001
6.7600000000e+002 5.4278818838e-001
6.7800000000e+002 5.4278818838e-001
6.7800000000e+002 5.4278018838e-001
6.8000000000e+002 5.4278018838e-001
6.8000000000e+002 5.4277218838e-001
6.8200000000e+002 5.4277218838e-001
6.8200000000e+002 5.4276418838e-001
6.8400000000e+002 5.4276418838e-001
6.8400000000e+002 5.4275618838e-001
6.8600000000e+002 5.4275618838e-001
6.8600000000e+002 5.4274818838e-001
6.8800000000e+002 5.4274818838e-001
6.8800000000e+002 5.4274018838e-001
6.9000000000e+002 5.4274018838e-001
6.9000000000e+002 5.4273218838e-001
6.9200000000e+002 5.4273218838e-001
6.9200000000e+002 5.4272418838e-001
6.9400000000e+002 5.4272418838e-001
6.9400000000e+002 5.4271618838e-001
6.9600000000e+002 5.4271618838e-001
6.9600000000e+002 5.4270818838e-001
6.9800000000e+002 5.4270818838e-001
6.9800000000e+002 5.4270018838e-001
7.0000000000e+002 5.4270018838e-001
7.0000000000e+002 5.4269218838e-001
7.0200000000e+002 5.4269218838e-001
7.0200000000e+002 5.4268418838e-001
7.0400000000e+002 5.4268418838e-001
7.0400000000e+002 5.4267618838e-001
7.0600000000e+002 5.4267618838e-001
7.0600000000e+002 5.4266818838e-001
7.0800000000e+002 5.4266818838e-001
7.0800000000e+002 5.4266018838e-001
7.1000000000e+002 5.4266018838e-001
7.1000000000e+002 5.4265218838e-001
7.1200000000e+002 5.4265218838e-001
7.1200000000e+002 5.4264418838e-001
7.1400000000e+002 5.4264418838e-001
7.1400000000e+002 5.4263618838e-001
7.1600000000e+002 5.4263618838e-001
7.1600000000e+002 5.4262818838e-001
7.1800000000e+002 5.4262818838e-001
7.1800000000e+002 5.4262018838e-001
7.2000000000e+002 5.4262018838e-001
7.2000000000e+002 5.4261218838e-001
7.2200000000e+002 5.4261218838e-001
7.2200000000e+002 5.4260418838e-001
7.2400000000e+002 5.4260418838e-001
7.2400000000e+002 5.4259618838e-001
7.2600000000e+002 5.4259618838e-001
7.2600000000e+002 5.4258818838e-001
7.2800000000e+002 5.4258818838e-001
7.2800000000e+002 5.4258018838e-001
7.3000000000e+002 5.4258018838e-001
7.3000000000e+002 5.4257218838e-001
7.3200000000e+002 5.4257218838e-001
7.3200000000e+002 5.4256418838e-001
7.3400000000e+002 5.4256418838e-001
7.3400000000e+002 5.4255618838e-001
7.3600000000e+002 5.4255618838e-001
7.3600000000e+002 5.4254818838e-001
7.3800000000e+002 5.4254818838e-001
7.3800000000e+002 5.4254018838e-001
7.4000000000e+002 5.4254018838e-001
7.4000000000e+002 5.4253218838e-001
7.4200000000e+002 5.4253218838e-001
7.4200000000e+002 5.4252418838e-001
7.4400000000e+002 5.4252418838e-001
7.4400000000e+002 5.4251618838e-001
7.4600000000e+002 5.4251618838e-001
7.4600000000e+002 5.4250818838e-001
7.4800000000e+002 5.4250818838e-001
7.4800000000e+002 5.4250018838e-001
7.5000000000e+002 5.4250018838e-001
7.5000000000e+002 5.4249218838e-001
7.5200000000e+002 5.4249218838e-001
7.5200000000e+002 5.4248418838e-001
7.5400000000e+002 5.4248418838e-001
7.5400000000e+002 5.4247618838e-001
7.5600000000e+002 5.4247618838e-001
7.5600000000e+002 5.4246818838e-001
7.5800000000e+002 5.4246818838e-001
7.5800000000e+002 5.4246018838e-001
7.6000000000e+002 5.4246018838e-001
7.6000000000e+002 5.4245218838e-001
7.6200000000e+002 5.4245218838e-001
7.6200000000e+002 5.4244418838e-001
7.6400000000e+002 5.4244418838e-001
7.6400000000e+002 5.4243618838e-001
7.6600000000e+002 5.4243618838e-001
7.6600000000e+002 5.4242818838e-001
7.6800000000e+002 5.4242818838e-001
7.6800000000e+002 5.4242018838e-001
7.7000000000e+002 5.4242018838e-001
7.7000000000e+002 5.4241218838e-001
7.7200000000e+002 5.4241218838e-001
7.7200000000e+002 5.4240418838e-001
7.7400000000e+002 5.4240418838e-001
7.7400000000e+002 5.4239618838e-001
7.7600000000e+002 5.4239618838e-001
7.7600000000e+002 5.4238818838e-001
7.7800000000e+002 5.4238818838e-001
7.7800000000e+002 5.4238018838e-001
7.8000000000e+002 5.4238018838e-001
7.8000000000e+002 5.4237218838e-001
7.8200000000e+002 5.4237218838e-001
7.8200000000e+002 5.4236418838e-001
7.8400000000e+002 5.4236418838e-001
7.8400000000e+002 5.4235618838e-001
7.8600000000e+002 5.4235618838e-001
7.8600000000e+002 5.4234818838e-001
7.8800000000e+002 5.4234818838e-001
7.8800000000e+002 5.4234018838e-001
7.9000000000e+002 5.4234018838e-001
7.9000000000e+002 5.4233218838e-001
7.9200000000e+002 5.4233218838e-001
7.9200000000e+002 5.4232418838e-001
7.9400000000e+002 5.4232418838e-001
7.9400000000e+002 5.4231618838e-001
7.9600000000e+002 5.4231618838e-001
7.9600000000e+002 5.4230818838e-001
7.9800000000e+002 5.4230818838e-001
7.9800000000e+002 5.4230018838e-001
8.0000000000e+002 5.4230018838e-001
8.0000000000e+002 5.4229218838e-001
8.0200000000e+002 5.4229218838e-001
8.0200000000e+002 5.4228418838e-001
8.0400000000e+002 5.4228418838e-001
8.0400000000e+002 5.4227618838e-001
8.0600000000e+002 5.4227618838e-001
8.0600000000e+002 5.4226818838e-001
8.0800000000e+002 5.4226818838e-001
8.0800000000e+002 5.4226018838e-001
8.1000000000e+002 5.4226018838e-001
8.1000000000e+002 5.4225218838e-001
8.1200000000e+002 5.4225218838e-001
8.1200000000e+002 5.4224418838e-001
8.1400000000e+002 5.4224418838e-001
8.1400000000e+002 5.4223618838e-001
8.1600000000e+002 5.4223618838e-001
8.1600000000e+002 5.4222818838e-001
8.1800000000e+002 5.4222818838e-001
8.1800000000e+002 5.4222018838e-001
8.2000000000e+002 5.4222018838e-001
8.2000000000e+002 5.4221218838e-001
8.2200000000e+002 5.4221218838e-001
8.2200000000e+002 5.4220418838e-001
8.2400000000e+002 5.4220418838e-001
8.2400000000e+002 5.4219618838e-001
8.2600000000e+002 5.4219618838e-001
8.2600000000e+002 5.4218818838e-001
8.2800000000e+002 5.4218818838e-001
8.2800000000e+002 5.4218018838e-001
8.3000000000e+002 5.4218018838e-001
8.3000000000e+002 5.4217218838e-001
8.3200000000e+002 5.4217218838e-001
8.3200000000e+002 5.4216418838e-001
8.3400000000e+002 5.4216418838e-001
8.3400000000e+002 5.4215618838e-001
8.3600000000e+002 5.4215618838e-001
8.3600000000e+002 5.4214818838e-001
8.3800000000e+002 5.4214818838e-001
8.3800000000e+002 5.4214018838e-001
8.4000000000e+002 5.4214018838e-001
8.4000000000e+002 5.4213218838e-001
8.4200000000e+002 5.4213218838e-001
8.4200000000e+002 5.4212418838e-001
8.4400000000e+002 5.4212418838e-001
8.4400000000e+002 5.4211618838e-001
8.4600000000e+002 5.4211618838e-001
8.4600000000e+002 5.4210818838e-001
8.4800000000e+002 5.4210818838e-001
8.4800000000e+002 5.4210018838e-001
8.5000000000e+002 5.4210018838e-001
8.5000000000e+002 5.4209218838e-001
8.5200000000e+002 5.4209218838e-001
8.5200000000e+002 5.4208418838e-001
8.5400000000e+002 5.4208418838e-001
8.5400000000e+002 5.4207618838e-001
8.5600000000e+002 5.4207618838e-001
8.5600000000e+002 5.4206818838e-001
8.5800000000e+002 5.4206818838e-001
8.5800000000e+002 5.4206018838e-001
8.6000000000e+002 5.4206018838e-001
8.6000000000e+002 5.4205218838e-001
8.6200000000e+002 5.4205218838e-001
8.6200000000e+002 5.4204418838e-001
8.6400000000e+002 5.4204418838e-001
8.6400000000e+002 5.4203618838e-001
8.6600000000e+002 5.4203618838e-001
8.6600000000e+002 5.4202818838e-001
8.6800000000e+002 5.4202818838e-001
8.6800000000e+002 5.4202018838e-001
8.7000000000e+002 5.4202018838e-001
8.7000000000e+002 5.4201218838e-001
8.7200000000e+002 5.4201218838e-001
8.7200000000e+002 5.4200418838e-001
8.7400000000e+002 5.4200418838e-001
8.7400000000e+002 5.4199618838e-001
8.7600000000e+002 5.4199618838e-001
8.7600000000e+002 5.4198818838e-001
8.7800000000e+002 5.4198818838e-001
8.7800000000e+002 5.4198018838e-001
8.8000000000e+002 5.4198018838e-001
8.8000000000e+002 5.4197218838e-001
8.8200000000e+002 5.4197218838e-001
8.8200000000e+002 5.4196418838e-001
8.8400000000e+002 5.4196418838e-001
8.8400000000e+002 5.4195618838e-001
8.8600000000e+002 5.4195618838e-001
8.8600000000e+002 5.4194818838e-001
8.8800000000e+002 5.4194818838e-001
8.8800000000e+002 5.4194018838e-001
8.9000000000e+002 5.4194018838e-001
8.9000000000e+002 5.4193218838e-001
8.9200000000e+002 5.4193218838e-001
8.9200000000e+002 5.4192418838e-001
8.9400000000e+002 5.4192418838e-001
8.9400000000e+002 5.4191618838e-001
8.9600000000e+002 5.4191618838e-001
8.9600000000e+002 5.4190818838e-001
8.9800000000e+002 5.4190818838e-001
8.9800000000e+002 5.4190018838e-001
9.0000000000e+002 5.4190018838e-001
9.0000000000e+002 5.4189218838e-001
9.0200000000e+002 5.4189218838e-001
9.0200000000e+002 5.4188418838e-001
9.0400000000e+002 5.4188418838e-001
9.0400000000e+002 5.4187618838e-001
9.0600000000e+002 5.4187618838e-001
9.0600000000e+002 5.4186818838e-001
9.0800000000e+002 5.4186818838e-001
9.0800000000e+002 5.4186018838e-001
9.1000000000e+002 5.4186018838e-001
9.1000000000e+002 5.4185218838e-001
9.1200000000e+002 5.4185218838e-001
9.1200000000e+002 5.4184418838e-001
9.1400000000e+002 5.4184418838e-001
9.1400000000e+002 5.4183618838e-001
9.1600000000e+002 5.4183618838e-001
9.1600000000e+002 5.4182818838e-001
9.1800000000e+002 5.4182818838e-001
9.1800000000e+002 5.4182018838e-001
9.2000000000e+002 5.4182018838e-001
9.2000000000e+002 5.4181218838e-001
9.2200000000e+002 5.4181218838e-001
9.2200000000e+002 5.4180418838e-001
9.2400000000e+002 5.4180418838e-001
9.2400000000e+002 5.4179618838e-001
9.2600000000e+002 5.4179618838e-001
9.2600000000e+002 5.4178818838e-001
9.2800000000e+002 5.4178818838e-001
9.2800000000e+002 5.4178018838e-001
9.3000000000e+002 5.4178018838e-001
9.3000000000e+002 5.4177218838e-001
9.3200000000e+002 5.4177218838e-001
9.3200000000e+002 5.4176418838e-001
9.3400000000e+002 5.4176418838e-001
9.3400000000e+002 5.4175618838e-001
9.3600000000e+002 5.4175618838e-001
9.3600000000e+002 5.4174818838e-001
9.3800000000e+002 5.4174818838e-001
9.3800000000e+002 5.4174018838e-001
9.4000000000e+002 5.4174018838e-001
9.4000000000e+002 5.4173218838e-001
9.4200000000e+002 5.4173218838e-001
9.4200000000e+002 5.4172418838e-001
9.4400000000e+002 5.4172418838e-001
9.4400000000e+002 5.4171618838e-001
9.4600000000e+002 5.4171618838e-001
9.4600000000e+002 5.4170818838e-001
9.4800000000e+002 5.4170818838e-001
9.4800000000e+002 5.4170018838e-001
9.5000000000e+002 5.4170018838e-001
9.5000000000e+002 5.4169218838e-001
9.5200000000e+002 5.4169218838e-001
9.5200000000e+002 5.4168418838e-001
9.5400000000e+002 5.4168418838e-001
9.5400000000e+002 5.4167618838e-001
9.5600000000e+002 5.4167618838e-001
9.5600000000e+002 5.4166818838e-001
9.5800000000e+002 5.4166818838e-001
9.5800000000e+002 5.4166018838e-001
9.6000000000e+002 5.4166018838e-001
9.6000000000e+002 5.4165218838e-001
9.6200000000e+002 5.4165218838e-001
9.6200000000e+002 5.4164418838e-001
9.6400000000e+002 5.4164418838e-001
9.6400000000e+002 5.4163618838e-001
9.6600000000e+002 5.4163618838e-001
9.6600000000e+002 5.4162818838e-001
9.6800000000e+002 5.4162818838e-001
9.6800000000e+002 5.4162018838e-001
9.7000000000e+002 5.4162018838e-001
9.7000000000e+002 5.4161218838e-001
9.7200000000e+002 5.4161218838e-001
9.7200000000e+002 5.4160418838e-001
9.7400000000e+002 5.4160418838e-001
9.7400000000e+002 5.4159618838e-001
9.7600000000e+002 5.4159618838e-001
9.7600000000e+002 5.4158818838e-001
9.7800000000e+002 5.4158818838e-001
9.7800000000e+002 5.4158018838e-001
9.8000000000e+002 5.4158018838e-001
9.8000000000e+002 5.4157218838e-001
9.8200000000e+002 5.4157218838e-001
9.8200000000e+002 5.4156418838e-001
9.8400000000e+002 5.4156418838e-001
9.8400000000e+002 5.4155618838e-001
9.8600000000e+002 5.4155618838e-001
9.8600000000e+002 5.4154818838e-001
9.8800000000e+002 5.4154818838e-001
9.8800000000e+002 5.4154018838e-001
9.9000000000e+002 5.4154018838e-001
9.9000000000e+002 5.4153218838e-001
9.9200000000e+002 5.4153218838e-001
9.9200000000e+002 5.4152418838e-001
9.9400000000e+002 5.4152418838e-001
9.9400000000e+002 5.4151618838e-001
9.9600000000e+002 5.4151618838e-001
9.9600000000e+002 5.4150818838e-001
9.9800000000e+002 5.4150818838e-001
9.9800000000e+002 5.4150018838e-001
1.0000000000e+003 5.4150018838e-001
1.0000000000e+003 5.4149218838e-001
1.0020000000e+003 5.4149218838e-001
1.0020000000e+003 5.4148418838e-001
1.0040000000e+003 5.4148418838e-001
1.0040000000e+003 5.4147618838e-001
1.0060000000e+003 5.4147618838e-001
1.0060000000e+003 5.4146818838e-001
1.0080000000e+003 5.4146818838e-001
1.0080000000e+003 5.4146018838e-001
1.0100000000e+003 5.4146018838e-001
1.0100000000e+003 5.4145218838e-001
1.0120000000e+003 5.4145218838e-001
1.0120000000e+003 5.4144418838e-001
1.0140000000e+003 5.4144418838e-001
1.0140000000e+003 5.4143618838e-001
1.0160000000e+003 5.4143618838e-001
1.0160000000e+003 5.4142818838e-001
1.0180000000e+003 5.4142818838e-001
1.0180000000e+003 5.4142018838e-001
1.0200000000e+003 5.4142018838e-001
1.0200000000e+003 5.4141218838e-001
1.0220000000e+003 5.4141218838e-001
1.0220000000e+003 5.4140418838e-001
1.0240000000e+003 5.4140418838e-001
1.0240000000e+003 5.4139618838e-001
1.0260000000e+003 5.4139618838e-001
1.0260000000e+003 5.4138818838e-001
1.0280000000e+003 5.4138818838e-001
1.0280000000e+003 5.4138018838e-001
1.0300000000e+003 5.4138018838e-001
1.0300000000e+003 5.4137218838e-001
1.0320000000e+003 5.4137218838e-001
1.0320000000e+003 5.4136418838e-001
1.0340000000e+003 5.4136418838e-001
1.0340000000e+003 5.4135618838e-001
1.0360000000e+003 5.4135618838e-001
1.0360000000e+003 5.4134818838e-001
1.0380000000e+003 5.4134818838e-001
1.0380000000e+003 5.4134018838e-001
1.0400000000e+003 5.4134018838e-001
1.0400000000e+003 5.4133218838e-001
1.0420000000e+003 5.4133218838e-001
1.0420000000e+003 5.4132418838e-001
1.0440000000e+003 5.4132418838e-001
1.0440000000e+003 5.4131618838e-001
1.0460000000e+003 5.4131618838e-001
1.0460000000e+003 5.4130818838e-001
1.0480000000e+003 5.4130818838e-001
1.0480000000e+003 5.4130018838e-001
1.0500000000e+003 5.4130018838e-001
1.0500000000e+003 5.4129218838e-001
1.0520000000e+003 5.4129218838e-001
1.0520000000e+003 5.4128418838e-001
1.0540000000e+003 5.4128418838e-001
1.0540000000e+003 5.4127618838e-001
1.0560000000e+003 5.4127618838e-001
1.0560000000e+003 5.4126818838e-001
1.0580000000e+003 5.4126818838e-001
1.0580000000e+003 5.4126018838e-001
1.0600000000e+003 5.4126018838e-001
1.0600000000e+003 5.4125218838e-001
1.0620000000e+003 5.4125218838e-001
1.0620000000e+003 5.4124418838e-001
1.0640000000e+003 5.4124418838e-001
1.0640000000e+003 5.4123618838e-001
1.0660000000e+003 5.4123618838e-001
1.0660000000e+003 5.4122818838e-001
1.0680000000e+003 5.4122818838e-001
1.0680000000e+003 5.4122018838e-001
1.0700000000e+003 5.4122018838e-001
1.0700000000e+003 5.4121218838e-001
1.0720000000e+003 5.4121218838e-001
1.0720000000e+003 5.4120418838e-001
1.0740000000e+003 5.4120418838e-001
1.0740000000e+003 5.4119618838e-001
1.0760000000e+003 5.4119618838e-001
1.0760000000e+003 5.4118818838e-001
1.0780000000e+003 5.4118818838e-001
1.0780000000e+003 5.4118018838e-001
1.0800000000e+003 5.4118018838e-001
1.0800000000e+003 5.4117218838e-001
1.0820000000e+003 5.4117218838e-001
1.0820000000e+003 5.4116418838e-001
1.0840000000e+003 5.4116418838e-001
1.0840000000e+003 5.4115618838e-001
1.0860000000e+003 5.4115618838e-001
1.0860000000e+003 5.4114818838e-001
1.0880000000e+003 5.4114818838e-001
1.0880000000e+003 5.4114018838e-001
1.0900000000e+003 5.4114018838e-001
1.0900000000e+003 5.4113218838e-001
1.0920000000e+003 5.4113218838e-001
1.0920000000e+003 5.4112418838e-001
1.0940000000e+003 5.4112418838e-001
1.0940000000e+003 5.4111618838e-001
1.0960000000e+003 5.4111618838e-001
1.0960000000e+003 5.4110818838e-001
1.0980000000e+003 5.4110818838e-001
1.0980000000e+003 5.4110018838e-001
1.1000000000e+003 5.4110018838e-001
1.1000000000e+003 5.4109218838e-001
1.1020000000e+003 5.4109218838e-001
1.1020000000e+003 5.4108418838e-001
1.1040000000e+003 5.4108418838e-001
1.1040000000e+003 5.4107618838e-001
1.1060000000e+003 5.4107618838e-001
1.1060000000e+003 5.4106818838e-001
1.1080000000e+003 5.4106818838e-001
1.1080000000e+003 5.4106018838e-001
1.1100000000e+003 5.4106018838e-001
1.1100000000e+003 5.4105218838e-001
1.1120000000e+003 5.4105218838e-001
1.1120000000e+003 5.4104418838e-001
1.1140000000e+003 5.4104418838e-001
1.1140000000e+003 5.4103618838e-001
1.1160000000e+003 5.4103618838e-001
1.1160000000e+003 5.4102818838e-001
1.1180000000e+003 5.4102818838e-001
1.1180000000e+003 5.4102018838e-001
1.1200000000e+003 5.4102018838e-001
1.1200000000e+003 5.4101218838e-001
1.1220000000e+003 5.4101218838e-001
1.1220000000e+003 5.4100418838e-001
1.1240000000e+003 5.4100418838e-001
1.1240000000e+003 5.4099618838e-001
1.1260000000e+003 5.4099618838e-001
1.1260000000e+003 5.4098818838e-001
1.1280000000e+003 5.4098818838e-001
1.1280000000e+003 5.4098018838e-001
1.1300000000e+003 5.4098018838e-001
1.1300000000e+003 5.4097218838e-001
1.1320000000e+003 5.4097218838e-001
1.1320000000e+003 5.4096418838e-001
1.1340000000e+003 5.4096418838e-001
1.1340000000e+003 5.4095618838e-001
1.1360000000e+003 5.4095618838e-001
1.1360000000e+003 5.4094818838e-001
1.1380000000e+003 5.4094818838e-001
1.1380000000e+003 5.4094018838e-001
1.1400000000e+003 5.4094018838e-001
1.1400000000e+003 5.4093218838e-001
1.1420000000e+003 5.4093218838e-001
1.1420000000e+003 5.4092418838e-001
1.1440000000e+003 5.4092418838e-001
1.1440000000e+003 5.4091618838e-001
1.1460000000e+003 5.4091618838e-001
1.1460000000e+003 5.4090818838e-001
1.1480000000e+003 5.4090818838e-001
1.1480000000e+003 5.4090018838e-001
1.1500000000e+003 5.4090018838e-001
1.1500000000e+003 5.4089218838e-001
1.1520000000e+003 5.4089218838e-001
1.1520000000e+003 5.4088418838e-001
1.1540000000e+003 5.4088418838e-001
1.1540000000e+003 5.4087618838e-001
1.1560000000e+003 5.4087618838e-001
1.1560000000e+003 5.4086818838e-001
1.1580000000e+003 5.4086818838e-001
1.1580000000e+003 5.4086018838e-001
1.1600000000e+003 5.4086018838e-001
1.1600000000e+003 5.4085218838e-001
1.1620000000e+003 5.4085218838e-001
1.1620000000e+003 5.4084418838e-001
1.1640000000e+003 5.4084418838e-001
1.1640000000e+003 5.4083618838e-001
1.1660000000e+003 5.4083618838e-001
1.1660000000e+003 5.4082818838e-001
1.1680000000e+003 5.4082818838e-001
1.1680000000e+003 5.4082018838e-001
1.1700000000e+003 5.4082018838e-001
1.1700000000e+003 5.4081218838e-001
1.1720000000e+003 5.4081218838e-001
1.1720000000e+003 5.4080418838e-001
1.1740000000e+003 5.4080418838e-001
1.1740000000e+003 5.4079618838e-001
1.1760000000e+003 5.4079618838e-001
1.1760000000e+003 5.4078818838e-001
1.1780000000e+003 5.4078818838e-001
1.1780000000e+003 5.4078018838e-001
1.1800000000e+003 5.4078018838e-001
1.1800000000e+003 5.4077218838e-001
1.1820000000e+003 5.4077218838e-001
1.1820000000e+003 5.4076418838e-001
1.1840000000e+003 5.4076418838e-001
1.1840000000e+003 5.4075618838e-001
1.1860000000e+003 5.4075618838e-001
1.1860000000e+003 5.4074818838e-001
1.1880000000e+003 5.4074818838e-001
1.1880000000e+003 5.4074018838e-001
1.1900000000e+003 5.4074018838e-001
1.1900000000e+003 5.4073218838e-001
1.1920000000e+003 5.4073218838e-001
1.1920000000e+003 5.4072418838e-001
1.1940000000e+003 5.4072418838e-001
1.1940000000e+003 5.4071618838e-001
1.1960000000e+003 5.4071618838e-001
1.1960000000e+003 5.4070818838e-001
1.1980000000e+003 5.4070818838e-001
1.1980000000e+003 5.4070018838e-001
1.2000000000e+003 5.4070018838e-001
1.2000000000e+003 5.4069218838e-001
1.2020000000e+003 5.4069218838e-001
1.2020000000e+003 5.4068418838e-001
1.2040000000e+003 5.4068418838e-001
1.2040000000e+003 5.4067618838e-001
1.2060000000e+003 5.4067618838e-001
1.2060000000e+003 5.4066818838e-001
1.2080000000e+003 5.4066818838e-001
1.2080000000e+003 5.4066018838e-001
1.2100000000e+003 5.4066018838e-001
1.2100000000e+003 5.4065218838e-001
1.2120000000e+003 5.4065218838e-001
1.2120000000e+003 5.4064418838e-001
1.2140000000e+003 5.4064418838e-001
1.2140000000e+003 5.4063618838e-001
1.2160000000e+003 5.4063618838e-001
1.2160000000e+003 5.4062818838e-001
1.2180000000e+003 5.4062818838e-001
1.2180000000e+003 5.4062018838e-001
1.2200000000e+003 5.4062018838e-001
1.2200000000e+003 5.4061218838e-001
1.2220000000e+003 5.4061218838e-001
1.2220000000e+003 5.4060418838e-001
1.2240000000e+003 5.4060418838e-001
1.2240000000e+003 5.4059618838e-001
1.2260000000e+003 5.4059618838e-001
1.2260000000e+003 5.4058818838e-001
1.2280000000e+003 5.4058818838e-001
1.2280000000e+003 5.4058018838e-001
1.2300000000e+003 5.4058018838e-001
1.2300000000e+003 5.4057218838e-001
1.2320000000e+003 5.4057218838e-001
1.2320000000e+003 5.4056418838e-001
1.2340000000e+003 5.4056418838e-001
1.2340000000e+003 5.4055618838e-001
1.2360000000e+003 5.4055618838e-001
1.2360000000e+003 5.4054818838e-001
1.2380000000e+003 5.4054818838e-001
1.2380000000e+003 5.4054018838e-001
1.2400000000e+003 5.4054018838e-001
1.2400000000e+003 5.4053218838e-001
1.2420000000e+003 5.4053218838e-001
1.2420000000e+003 5.4052418838e-001
1.2440000000e+003 5.4052418838e-001
1.2440000000e+003 5.4051618838e-001
1.2460000000e+003 5.4051618838e-001
1.2460000000e+003 5.4050818838e-001
1.2480000000e+003 5.4050818838e-001
1.2480000000e+003 5.4050018838e-001
1.2500000000e+003 5.4050018838e-001
1.2500000000e+003 5.4049218838e-001
1.2520000000e+003 5.4049218838e-001
1.2520000000e+003 5.4048418838e-001
1.2540000000e+003 5.4048418838e-001
1.2540000000e+003 5.4047618838e-001
1.2560000000e+003 5.4047618838e-001
1.2560000000e+003 5.4046818838e-001
1.2580000000e+003 5.4046818838e-001
1.2580000000e+003 5.4046018838e-001
1.2600000000e+003 5.4046018838e-001
1.2600000000e+003 5.4045218838e-001
1.2620000000e+003 5.4045218838e-001
1.2620000000e+003 5.4044418838e-001
1.2640000000e+003 5.4044418838e-001
1.2640000000e+003 5.4043618838e-001
1.2660000000e+003 5.4043618838e-001
1.2660000000e+003 5.4042818838e-001
1.2680000000e+003 5.4042818838e-001
1.2680000000e+003 5.4042018838e-001
1.2700000000e+003 5.4042018838e-001
1.2700000000e+003 5.4041218838e-001
1.2720000000e+003 5.4041218838e-001
1.2720000000e+003 5.4040418838e-001
1.2740000000e+003 5.4040418838e-001
1.2740000000e+003 5.4039618838e-001
1.2760000000e+003 5.4039618838e-001
1.2760000000e+003 5.4038818838e-001
1.2780000000e+003 5.4038818838e-001
1.2780000000e+003 5.4038018838e-001
1.2800000000e+003 5.4038018838e-001
1.2800000000e+003 5.4037218838e-001
1.2820000000e+003 5.4037218838e-001
1.2820000000e+003 5.4036418838e-001
1.2840000000e+003 5.4036418838e-001
1.2840000000e+003 5.4035618838e-001
1.2860000000e+003 5.4035618838e-001
1.2860000000e+003 5.4034818838e-001
1.2880000000e+003 5.4034818838e-001
1.2880000000e+003 5.4034018838e-001
1.2900000000e+003 5.4034018838e-001
1.2900000000e+003 5.4033218838e-001
1.2920000000e+003 5.4033218838e-001
1.2920000000e+003 5.4032418838e-001
1.2940000000e+003 5.4032418838e-001
1.2940000000e+003 5.4031618838e-001
1.2960000000e+003 5.4031618838e-001
1.2960000000e+003 5.4030818838e-001
1.2980000000e+003 5.4030818838e-001
1.2980000000e+003 5.4030018838e-001
1.3000000000e+003 5.4030018838e-001
1.3000000000e+003 5.4029218838e-001
1.3020000000e+003 5.4029218838e-001
1.3020000000e+003 5.4028418838e-001
1.3040000000e+003 5.4028418838e-001
1.3040000000e+003 5.4027618838e-001
1.3060000000e+003 5.4027618838e-001
1.3060000000e+003 5.4026818838e-001
1.3080000000e+003 5.4026818838e-001
1.3080000000e+003 5.4026018838e-001
1.3100000000e+003 5.4026018838e-001
1.3100000000e+003 5.4025218838e-001
1.3120000000e+003 5.4025218838e-001
1.3120000000e+003 5.4024418838e-001
1.3140000000e+003 5.4024418838e-001
1.3140000000e+003 5.4023618838e-001
1.3160000000e+003 5.4023618838e-001
1.3160000000e+003 5.4022818838e-001
1.3180000000e+003 5.4022818838e-001
1.3180000000e+003 5.4022018838e-001
1.3200000000e+003 5.4022018838e-001
1.3200000000e+003 5.4021218838e-001
1.3220000000e+003 5.4021218838e-001
1.3220000000e+003 5.4020418838e-001
1.3240000000e+003 5.4020418838e-001
1.3240000000e+003 5.4019618838e-001
1.3260000000e+003 5.4019618838e-001
1.3260000000e+003 5.4018818838e-001
1.3280000000e+003 5.4018818838e-001
1.3280000000e+003 5.4018018838e-001
1.3300000000e+003 5.4018018838e-001
1.3300000000e+003 5.4017218838e-001
1.3320000000e+003 5.4017218838e-001
1.3320000000e+003 5.4016418838e-001
1.3340000000e+003 5.4016418838e-001
1.3340000000e+003 5.4015618838e-001
1.3360000000e+003 5.4015618838e-001
1.3360000000e+003 5.4014818838e-001
1.3380000000e+003 5.4014818838e-001
1.3380000000e+003 5.4014018838e-001
1.3400000000e+003 5.4014018838e-001
1.3400000000e+003 5.4013218838e-001
1.3420000000e+003 5.4013218838e-001
1.3420000000e+003 5.4012418838e-001
1.3440000000e+003 5.4012418838e-001
1.3440000000e+003 5.4011618838e-001
1.3460000000e+003 5.4011618838e-001
1.3460000000e+003 5.4010818838e-001
1.3480000000e+003 5.4010818838e-001
1.3480000000e+003 5.4010018838e-001
1.3500000000e+003 5.4010018838e-001
1.3500000000e+003 5.4009218838e-001
1.3520000000e+003 5.4009218838e-001
1.3520000000e+003 5.4008418838e-001
1.3540000000e+003 5.4008418838e-001
1.3540000000e+003 5.4007618838e-001
1.3560000000e+003 5.4007618838e-001
1.3560000000e+003 5.4006818838e-001
1.3580000000e+003 5.4006818838e-001
1.3580000000e+003 5.4006018838e-001
1.3600000000e+003 5.4006018838e-001
1.3600000000e+003 5.4005218838e-001
1.3620000000e+003 5.4005218838e-001
1.3620000000e+003 5.4004418838e-001
1.3640000000e+003 5.4004418838e-001
1.3640000000e+003 5.4003618838e-001
1.3660000000e+003 5.4003618838e-001
1.3660000000e+003 5.4002818838e-001
1.3680000000e+003 5.4002818838e-001
1.3680000000e+003 5.4002018838e-001
1.3700000000e+003 5.4002018838e-001
1.3700000000e+003 5.4001218838e-001
1.3720000000e+003 5.4001218838e-001
1.3720000000e+003 5.4000418838e-001
1.3740000000e+003 5.4000418838e-001
1.3740000000e+003 5.3999618838e-001
1.3760000000e+003 5.3999618838e-001
1.3760000000e+003 5.3998818838e-001
1.3780000000e+003 5.3998818838e-001
1.3780000000e+003 5.3998018838e-001
1.3800000000e+003 5.3998018838e-001
1.3800000000e+003 5.3997218838e-001
1.3820000000e+003 5.3997218838e-001
1.3820000000e+003 5.3996418838e-001
1.3840000000e+003 5.3996418838e-001
1.3840000000e+003 5.3995618838e-001
1.3860000000e+003 5.3995618838e-001
1.3860000000e+003 5.3994818838e-001
1.3880000000e+003 5.3994818838e-001
1.3880000000e+003 5.3994018838e-001
1.3900000000e+003 5.3994018838e-001
1.3900000000e+003 5.3993218838e-001
1.3920000000e+003 5.3993218838e-001
1.3920000000e+003 5.3992418838e-001
1.3940000000e+003 5.3992418838e-001
1.3940000000e+003 5.3991618838e-001
1.3960000000e+003 5.3991618838e-001
1.3960000000e+003 5.3990818838e-001
1.3980000000e+003 5.3990818838e-001
1.3980000000e+003 5.3990018838e-001
1.4000000000e+003 5.3990018838e-001
1.4000000000e+003 5.3989218838e-001
1.4020000000e+003 5.3989218838e-001
1.4020000000e+003 5.3988418838e-001
1.4040000000e+003 5.3988418838e-001
1.4040000000e+003 5.3987618838e-001
1.4060000000e+003 5.3987618838e-001
1.4060000000e+003 5.3986818838e-001
1.4080000000e+003 5.3986818838e-001
1.4080000000e+003 5.3986018838e-001
1.4100000000e+003 5.3986018838e-001
1.4100000000e+003 5.3985218838e-001
1.4120000000e+003 5.3985218838e-001
1.4120000000e+003 5.3984418838e-001
1.4140000000e+003 5.3984418838e-001
1.4140000000e+003 5.3983618838e-001
1.4160000000e+003 5.3983618838e-001
1.4160000000e+003 5.3982818838e-001
1.4180000000e+003 5.3982818838e-001
1.4180000000e+003 5.3982018838e-001
1.4200000000e+003 5.3982018838e-001
1.4200000000e+003 5.3981218838e-001
1.4220000000e+003 5.3981218838e-001
1.4220000000e+003 5.3980418838e-001
1.4240000000e+003 5.3980418838e-001
1.4240000000e+003 5.3979618838e-001
1.4260000000e+003 5.3979618838e-001
1.4260000000e+003 5.3978818838e-001
1.4280000000e+003 5.3978818838e-001
1.4280000000e+003 5.3978018838e-001
1.4300000000e+003 5.3978018838e-001
1.4300000000e+003 5.3977218838e-001
1.4320000000e+003 5.3977218838e-001
1.4320000000e+003 5.3976418838e-001
1.4340000000e+003 5.3976418838e-001
1.4340000000e+003 5.3975618838e-001
1.4360000000e+003 5.3975618838e-001
1.4360000000e+003 5.3974818838e-001
1.4380000000e+003 5.3974818838e-001
1.4380000000e+003 5.3974018838e-001
1.4400000000e+003 5.3974018838e-001
1.4400000000e+003 5.3973218838e-001
1.4420000000e+003 5.3973218838e-001
1.4420000000e+003 5.3972418838e-001
1.4440000000e+003 5.3972418838e-001
1.4440000000e+003 5.3971618838e-001
1.4460000000e+003 5.3971618838e-001
1.4460000000e+003 5.3970818838e-001
1.4480000000e+003 5.3970818838e-001
1.4480000000e+003 5.3970018838e-001
1.4500000000e+003 5.3970018838e-001
1.4500000000e+003 5.3969218838e-001
1.4520000000e+003 5.3969218838e-001
1.4520000000e+003 5.3968418838e-001
1.4540000000e+003 5.3968418838e-001
1.4540000000e+003 5.3967618838e-001
1.4560000000e+003 5.3967618838e-001
1.4560000000e+003 5.3966818838e-001
1.4580000000e+003 5.3966818838e-001
1.4580000000e+003 5.3966018838e-001
1.4600000000e+003 5.3966018838e-001
1.4600000000e+003 5.3965218838e-001
1.4620000000e+003 5.3965218838e-001
1.4620000000e+003 5.3964418838e-001
1.4640000000e+003 5.3964418838e-001
1.4640000000e+003 5.3963618838e-001
1.4660000000e+003 5.3963618838e-001
1.4660000000e+003 5.3962818838e-001
1.4680000000e+003 5.3962818838e-001
1.4680000000e+003 5.3962018838e-001
1.4700000000e+003 5.3962018838e-001
1.4700000000e+003 5.3961218838e-001
1.4720000000e+003 5.3961218838e-001
1.4720000000e+003 5.3960418838e-001
1.4740000000e+003 5.3960418838e-001
1.4740000000e+003 5.3959618838e-001
1.4760000000e+003 5.3959618838e-001
1.4760000000e+003 5.3958818838e-001
1.4780000000e+003 5.3958818838e-001
1.4780000000e+003 5.3958018838e-001
1.4800000000e+003 5.3958018838e-001
1.4800000000e+003 5.3957218838e-001
1.4820000000e+003 5.3957218838e-001
1.4820000000e+003 5.3956418838e-001
1.4840000000e+003 5.3956418838e-001
1.4840000000e+003 5.3955618838e-001
1.4860000000e+003 5.3955618838e-001
1.4860000000e+003 5.3954818838e-001
1.4880000000e+003 5.3954818838e-001
1.4880000000e+003 5.3954018838e-001
1.4900000000e+003 5.3954018838e-001
1.4900000000e+003 5.3953218838e-001
1.4920000000e+003 5.3953218838e-001
1.4920000000e+003 5.3952418838e-001
1.4940000000e+003 5.3952418838e-001
1.4940000000e+003 5.3951618838e-001
1.4960000000e+003 5.3951618838e-001
1.4960000000e+003 5.3950818838e-001
1.4980000000e+003 5.3950818838e-001
1.4980000000e+003 5.3950018838e-001
1.5000000000e+003 5.3950018838e-001
1.5000000000e+003 5.3949218838e-001
1.5020000000e+003 5.3949218838e-001
1.5020000000e+003 5.3948418838e-001
1.5040000000e+003 5.3948418838e-001
1.5040000000e+003 5.3947618838e-001
1.5060000000e+003 5.3947618838e-001
1.5060000000e+003 5.3946818838e-001
1.5080000000e+003 5.3946818838e-001
1.5080000000e+003 5.3946018838e-001
1.5100000000e+003 5.3946018838e-001
1.5100000000e+003 5.3945218838e-001
1.5120000000e+003 5.3945218838e-001
1.5120000000e+003 5.3944418838e-001
1.5140000000e+003 5.3944418838e-001
1.5140000000e+003 5.3943618838e-001
1.5160000000e+003 5.3943618838e-001
1.5160000000e+003 5.3942818838e-001
1.5180000000e+003 5.3942818838e-001
1.5180000000e+003 5.3942018838e-001
1.5200000000e+003 5.3942018838e-001
1.5200000000e+003 5.3941218838e-001
1.5220000000e+003 5.3941218838e-001
1.5220000000e+003 5.3940418838e-001
1.5240000000e+003 5.3940418838e-001
1.5240000000e+003 5.3939618838e-001
1.5260000000e+003 5.3939618838e-001
1.5260000000e+003 5.3938818838e-001
1.5280000000e+003 5.3938818838e-001
1.5280000000e+003 5.3938018838e-001
1.5300000000e+003 5.3938018838e-001
1.5300000000e+003 5.3937218838e-001
1.5320000000e+003 5.3937218838e-001
1.5320000000e+003 5.3936418838e-001
1.5340000000e+003 5.3936418838e-001
1.5340000000e+003 5.3935618838e-001
1.5360000000e+003 5.3935618838e-001
1.5360000000e+003 5.3934818838e-001
1.5380000000e+003 5.3934818838e-001
1.5380000000e+003 5.3934018838e-001
1.5400000000e+003 5.3934018838e-001
1.5400000000e+003 5.3933218838e-001
1.5420000000e+003 5.3933218838e-001
1.5420000000e+003 5.3932418838e-001
1.5440000000e+003 5.3932418838e-001
1.5440000000e+003 5.3931618838e-001
1.5460000000e+003 5.3931618838e-001
1.5460000000e+003 5.3930818838e-001
1.5480000000e+003 5.3930818838e-001
1.5480000000e+003 5.3930018838e-001
1.5500000000e+003 5.3930018838e-001
1.5500000000e+003 5.3929218838e-001
1.5520000000e+003 5.3929218838e-001
1.5520000000e+003 5.3928418838e-001
1.5540000000e+003 5.3928418838e-001
1.5540000000e+003 5.3927618838e-001
1.5560000000e+003 5.3927618838e-001
1.5560000000e+003 5.3926818838e-001
1.5580000000e+003 5.3926818838e-001
1.5580000000e+003 5.3926018838e-001
1.5600000000e+003 5.3926018838e-001
1.5600000000e+003 5.3925218838e-001
1.5620000000e+003 5.3925218838e-001
1.5620000000e+003 5.3924418838e-001
1.5640000000e+003 5.3924418838e-001
1.5640000000e+003 5.3923618838e-001
1.5660000000e+003 5.3923618838e-001
1.5660000000e+003 5.3922818838e-001
1.5680000000e+003 5.3922818838e-001
1.5680000000e+003 5.3922018838e-001
1.5700000000e+003 5.3922018838e-001
1.5700000000e+003 5.3921218838e-001
1.5720000000e+003 5.3921218838e-001
1.5720000000e+003 5.3920418838e-001
1.5740000000e+003 5.3920418838e-001
1.5740000000e+003 5.3919618838e-001
1.5760000000e+003 5.3919618838e-001
1.5760000000e+003 5.3918818838e-001
1.5780000000e+003 5.3918818838e-001
1.5780000000e+003 5.3918018838e-001
1.5800000000e+003 5.3918018838e-001
1.5800000000e+003 5.3917218838e-001
1.5820000000e+003 5.3917218838e-001
1.5820000000e+003 5.3916418838e-001
1.5840000000e+003 5.3916418838e-001
1.5840000000e+003 5.3915618838e-001
1.5860000000e+003 5.3915618838e-001
1.5860000000e+003 5.3914818838e-001
1.5880000000e+003 5.3914818838e-001
1.5880000000e+003 5.3914018838e-001
1.5900000000e+003 5.3914018838e-001
1.5900000000e+003 5.3913218838e-001
1.5920000000e+003 5.3913218838e-001
1.5920000000e+003 5.3912418838e-001
1.5940000000e+003 5.3912418838e-001
1.5940000000e+003 5.3911618838e-001
1.5960000000e+003 5.3911618838e-001
1.5960000000e+003 5.3910818838e-001
1.5980000000e+003 5.3910818838e-001
1.5980000000e+003 5.3910018838e-001
1.6000000000e+003 5.3910018838e-001
1.6000000000e+003 5.3909218838e-001
1.6020000000e+003 5.3909218838e-001
1.6020000000e+003 5.3908418838e-001
1.6040000000e+003 5.3908418838e-001
1.6040000000e+003 5.3907618838e-001
1.6060000000e+003 5.3907618838e-001
1.6060000000e+003 5.3906818838e-001
1.6080000000e+003 5.3906818838e-001
1.6080000000e+003 5.3906018838e-001
1.6100000000e+003 5.3906018838e-001
1.6100000000e+003 5.3905218838e-001
1.6120000000e+003 5.3905218838e-001
1.6120000000e+003 5.3904418838e-001
1.6140000000e+003 5.3904418838e-001
1.6140000000e+003 5.3903618838e-001
1.6160000000e+003 5.3903618838e-001
1.6160000000e+003 5.3902818838e-001
1.6180000000e+003 5.3902818838e-001
1.6180000000e+003 5.3902018838e-001
1.6200000000e+003 5.3902018838e-001
1.6200000000e+003 5.3901218838e-001
1.6220000000e+003 5.3901218838e-001
1.6220000000e+003 5.3900418838e-001
1.6240000000e+003 5.3900418838e-001
1.6240000000e+003 5.3899618838e-001
1.6260000000e+003 5.3899618838e-001
1.6260000000e+003 5.3898818838e-001
1.6280000000e+003 5.3898818838e-001
1.6280000000e+003 5.3898018838e-001
1.6300000000e+003 5.3898018838e-001
1.6300000000e+003 5.3897218838e-001
1.6320000000e+003 5.3897218838e-001
1.6320000000e+003 5.3896418838e-001
1.6340000000e+003 5.3896418838e-001
1.6340000000e+003 5.3895618838e-001
1.6360000000e+003 5.3895618838e-001
1.6360000000e+003 5.3894818838e-001
1.6380000000e+003 5.3894818838e-001
1.6380000000e+003 5.3894018838e-001
1.6400000000e+003 5.3894018838e-001
1.6400000000e+003 5.3893218838e-001
1.6420000000e+003 5.3893218838e-001
1.6420000000e+003 5.3892418838e-001
1.6440000000e+003 5.3892418838e-001
1.6440000000e+003 5.3891618838e-001
1.6460000000e+003 5.3891618838e-001
1.6460000000e+003 5.3890818838e-001
1.6480000000e+003 5.3890818838e-001
1.6480000000e+003 5.3890018838e-001
1.6500000000e+003 5.3890018838e-001
1.6500000000e+003 5.3889218838e-001
1.6520000000e+003 5.3889218838e-001
1.6520000000e+003 5.3888418838e-001
1.6540000000e+003 5.3888418838e-001
1.6540000000e+003 5.3887618838e-001
1.6560000000e+003 5.3887618838e-001
1.6560000000e+003 5.3886818838e-001
1.6580000000e+003 5.3886818838e-001
1.6580000000e+003 5.3886018838e-001
1.6600000000e+003 5.3886018838e-001
1.6600000000e+003 5.3885218838e-001
1.6620000000e+003 5.3885218838e-001
1.6620000000e+003 5.3884418838e-001
1.6640000000e+003 5.3884418838e-001
1.6640000000e+003 5.3883618838e-001
1.6660000000e+003 5.3883618838e-001
1.6660000000e+003 5.3882818838e-001
1.6680000000e+003 5.3882818838e-001
1.6680000000e+003 5.3882018838e-001
1.6700000000e+003 5.3882018838e-001
1.6700000000e+003 5.3881218838e-001
1.6720000000e+003 5.3881218838e-001
1.6720000000e+003 5.3880418838e-001
1.6740000000e+003 5.3880418838e-001
1.6740000000e+003 5.3879618838e-001
1.6760000000e+003 5.3879618838e-001
1.6760000000e+003 5.3878818838e-001
1.6780000000e+003 5.3878818838e-001
1.6780000000e+003 5.3878018838e-001
1.6800000000e+003 5.3878018838e-001
1.6800000000e+003 5.3877218838e-001
1.6820000000e+003 5.3877218838e-001
1.6820000000e+003 5.3876418838e-001
1.6840000000e+003 5.3876418838e-001
1.6840000000e+003 5.3875618838e-001
1.6860000000e+003 5.3875618838e-001
1.6860000000e+003 5.3874818838e-001
1.6880000000e+003 5.3874818838e-001
1.6880000000e+003 5.3874018838e-001
1.6900000000e+003 5.3874018838e-001
1.6900000000e+003 5.3873218838e-001
1.6920000000e+003 5.3873218838e-001
1.6920000000e+003 5.3872418838e-001
1.6940000000e+003 5.3872418838e-001
1.6940000000e+003 5.3871618838e-001
1.6960000000e+003 5.3871618838e-001
1.6960000000e+003 5.3870818838e-001
1.6980000000e+003 5.3870818838e-001
1.6980000000e+003 5.3870018838e-001
1.7000000000e+003 5.3870018838e-001
1.7000000000e+003 5.3869218838e-001
1.7020000000e+003 5.3869218838e-001
1.7020000000e+003 5.3868418838e-001
1.7040000000e+003 5.3868418838e-001
1.7040000000e+003 5.3867618838e-001
1.7060000000e+003 5.3867618838e-001
1.7060000000e+003 5.3866818838e-001
1.7080000000e+003 5.3866818838e-001
1.7080000000e+003 5.3866018838e-001
1.7100000000e+003 5.3866018838e-001
1.7100000000e+003 5.3865218838e-001
1.7120000000e+003 5.3865218838e-001
1.7120000000e+003 5.3864418838e-001
1.7140000000e+003 5.3864418838e-001
1.7140000000e+003 5.3863618838e-001
1.7160000000e+003 5.3863618838e-001
1.7160000000e+003 5.3862818838e-001
1.7180000000e+003 5.3862818838e-001
1.7180000000e+003 5.3862018838e-001
1.7200000000e+003 5.3862018838e-001
1.7200000000e+003 5.3861218838e-001
1.7220000000e+003 5.3861218838e-001
1.7220000000e+003 5.3860418838e-001
1.7240000000e+003 5.3860418838e-001
1.7240000000e+003 5.3859618838e-001
1.7260000000e+003 5.3859618838e-001
1.7260000000e+003 5.3858818838e-001
1.7280000000e+003 5.3858818838e-001
1.7280000000e+003 5.3858018838e-001
1.7300000000e+003 5.3858018838e-001
1.7300000000e+003 5.3857218838e-001
1.7320000000e+003 5.3857218838e-001
1.7320000000e+003 5.3856418838e-001
1.7340000000e+003 5.3856418838e-001
1.7340000000e+003 5.3855618838e-001
1.7360000000e+003 5.3855618838e-001
1.7360000000e+003 5.3854818838e-001
1.7380000000e+003 5.3854818838e-001
1.7380000000e+003 5.3854018838e-001
1.7400000000e+003 5.3854018838e-001
1.7400000000e+003 5.3853218838e-001
1.7420000000e+003 5.3853218838e-001
1.7420000000e+003 5.3852418838e-001
1.7440000000e+003 5.3852418838e-001
1.7440000000e+003 5.3851618838e-001
1.7460000000e+003 5.3851618838e-001
1.7460000000e+003 5.3850818838e-001
1.7480000000e+003 5.3850818838e-001
1.7480000000e+003 5.3850018838e-001
1.7500000000e+003 5.3850018838e-001
1.7500000000e+003 5.3849218838e-001
1.7520000000e+003 5.3849218838e-001
1.7520000000e+003 5.3848418838e-001
1.7540000000e+003 5.3848418838e-001
1.7540000000e+003 5.3847618838e-001
1.7560000000e+003 5.3847618838e-001
1.7560000000e+003 5.3846818838e-001
1.7580000000e+003 5.3846818838e-001
1.7580000000e+003 5.3846018838e-001
1.7600000000e+003 5.3846018838e-001
1.7600000000e+003 5.3845218838e-001
1.7620000000e+003 5.3845218838e-001
1.7620000000e+003 5.3844418838e-001
1.7640000000e+003 5.3844418838e-001
1.7640000000e+003 5.3843618838e-001
1.7660000000e+003 5.3843618838e-001
1.7660000000e+003 5.3842818838e-001
1.7680000000e+003 5.3842818838e-001
1.7680000000e+003 5.3842018838e-001
1.7700000000e+003 5.3842018838e-001
1.7700000000e+003 5.3841218838e-001
1.7720000000e+003 5.3841218838e-001
1.7720000000e+003 5.3840418838e-001
1.7740000000e+003 5.3840418838e-001
1.7740000000e+003 5.3839618838e-001
1.7760000000e+003 5.3839618838e-001
1.7760000000e+003 5.3838818838e-001
1.7780000000e+003 5.3838818838e-001
1.7780000000e+003 5.3838018838e-001
1.7800000000e+003 5.3838018838e-001
1.7800000000e+003 5.3837218838e-001
1.7820000000e+003 5.3837218838e-001
1.7820000000e+003 5.3836418838e-001
1.7840000000e+003 5.3836418838e-001
1.7840000000e+003 5.3835618838e-001
1.7860000000e+003 5.3835618838e-001
1.7860000000e+003 5.3834818838e-001
1.7880000000e+003 5.3834818838e-001
1.7880000000e+003 5.3834018838e-001
1.7900000000e+003 5.3834018838e-001
1.7900000000e+003 5.3833218838e-001
1.7920000000e+003 5.3833218838e-001
1.7920000000e+003 5.3832418838e-001
1.7940000000e+003 5.3832418838e-001
1.7940000000e+003 5.3831618838e-001
1.7960000000e+003 5.3831618838e-001
1.7960000000e+003 5.3830818838e-001
1.7980000000e+003 5.3830818838e-001
1.7980000000e+003 5.3830018838e-001
1.8000000000e+003 5.3830018838e-001
1.8000000000e+003 5.3829218838e-001
1.8020000000e+003 5.3829218838e-001
1.8020000000e+003 5.3828418838e-001
1.8040000000e+003 5.3828418838e-001
1.8040000000e+003 5.3827618838e-001
1.8060000000e+003 5.3827618838e-001
1.8060000000e+003 5.3826818838e-001
1.8080000000e+003 5.3826818838e-001
1.8080000000e+003 5.3826018838e-001
1.8100000000e+003 5.3826018838e-001
1.8100000000e+003 5.3825218838e-001
1.8120000000e+003 5.3825218838e-001
1.8120000000e+003 5.3824418838e-001
1.8140000000e+003 5.3824418838e-001
1.8140000000e+003 5.3823618838e-001
1.8160000000e+003 5.3823618838e-001
1.8160000000e+003 5.3822818838e-001
1.8180000000e+003 5.3822818838e-001
1.8180000000e+003 5.3822018838e-001
1.8200000000e+003 5.3822018838e-001
1.8200000000e+003 5.3821218838e-001
1.8220000000e+003 5.3821218838e-001
1.8220000000e+003 5.3820418838e-001
1.8240000000e+003 5.3820418838e-001
1.8240000000e+003 5.3819618838e-001
1.8260000000e+003 5.3819618838e-001
1.8260000000e+003 5.3818818838e-001
1.8280000000e+003 5.3818818838e-001
1.8280000000e+003 5.3818018838e-001
1.8300000000e+003 5.3818018838e-001
1.8300000000e+003 5.3817218838e-001
1.8320000000e+003 5.3817218838e-001
1.8320000000e+003 5.3816418838e-001
1.8340000000e+003 5.3816418838e-001
1.8340000000e+003 5.3815618838e-001
1.8360000000e+003 5.3815618838e-001
1.8360000000e+003 5.3814818838e-001
1.8380000000e+003 5.3814818838e-001
1.8380000000e+003 5.3814018838e-001
1.8400000000e+003 5.3814018838e-001
1.8400000000e+003 5.3813218838e-001
1.8420000000e+003 5.3813218838e-001
1.8420000000e+003 5.3812418838e-001
1.8440000000e+003 5.3812418838e-001
1.8440000000e+003 5.3811618838e-001
1.8460000000e+003 5.3811618838e-001
1.8460000000e+003 5.3810818838e-001
1.8480000000e+003 5.3810818838e-001
1.8480000000e+003 5.3810018838e-001
1.8500000000e+003 5.3810018838e-001
1.8500000000e+003 5.3809218838e-001
1.8520000000e+003 5.3809218838e-001
1.8520000000e+003 5.3808418838e-001
1.8540000000e+003 5.3808418838e-001
1.8540000000e+003 5.3807618838e-001
1.8560000000e+003 5.3807618838e-001
1.8560000000e+003 5.3806818838e-001
1.8580000000e+003 5.3806818838e-001
1.8580000000e+003 5.3806018838e-001
1.8600000000e+003 5.3806018838e-001
1.8600000000e+003 5.3805218838e-001
1.8620000000e+003 5.3805218838e-001
1.8620000000e+003 5.3804418838e-001
1.8640000000e+003 5.3804418838e-001
1.8640000000e+003 5.3803618838e-001
1.8660000000e+003 5.3803618838e-001
1.8660000000e+003 5.3802818838e-001
1.8680000000e+003 5.3802818838e-001
1.8680000000e+003 5.3802018838e-001
1.8700000000e+003 5.3802018838e-001
1.8700000000e+003 5.3801218838e-001
1.8720000000e+003 5.3801218838e-001
1.8720000000e+003 5.3800418838e-001
1.8740000000e+003 5.3800418838e-001
1.8740000000e+003 5.3799618838e-001
1.8760000000e+003 5.3799618838e-001
1.8760000000e+003 5.3798818838e-001
1.8780000000e+003 5.3798818838e-001
1.8780000000e+003 5.3798018838e-001
1.8800000000e+003 5.3798018838e-001
1.8800000000e+003 5.3797218838e-001
1.8820000000e+003 5.3797218838e-001
1.8820000000e+003 5.3796418838e-001
1.8840000000e+003 5.3796418838e-001
1.8840000000e+003 5.3795618838e-001
1.8860000000e+003 5.3795618838e-001
1.8860000000e+003 5.3794818838e-001
1.8880000000e+003 5.3794818838e-001
1.8880000000e+003 5.3794018838e-001
1.8900000000e+003 5.3794018838e-001
1.8900000000e+003 5.3793218838e-001
1.8920000000e+003 5.3793218838e-001
1.8920000000e+003 5.3792418838e-001
1.8940000000e+003 5.3792418838e-001
1.8940000000e+003 5.3791618838e-001
1.8960000000e+003 5.3791618838e-001
1.8960000000e+003 5.3790818838e-001
1.8980000000e+003 5.3790818838e-001
1.8980000000e+003 5.3790018838e-001
1.9000000000e+003 5.3790018838e-001
1.9000000000e+003 5.3789218838e-001
1.9020000000e+003 5.3789218838e-001
1.9020000000e+003 5.3788418838e-001
1.9040000000e+003 5.3788418838e-001
1.9040000000e+003 5.3787618838e-001
1.9060000000e+003 5.3787618838e-001
1.9060000000e+003 5.3786818838e-001
1.9080000000e+003 5.3786818838e-001
1.9080000000e+003 5.3786018838e-001
1.9100000000e+003 5.3786018838e-001
1.9100000000e+003 5.3785218838e-001
1.9120000000e+003 5.3785218838e-001
1.9120000000e+003 5.3784418838e-001
1.9140000000e+003 5.3784418838e-001
1.9140000000e+003 5.3783618838e-001
1.9160000000e+003 5.3783618838e-001
1.9160000000e+003 5.3782818838e-001
1.9180000000e+003 5.3782818838e-001
1.9180000000e+003 5.3782018838e-001
1.9200000000e+003 5.3782018838e-001
1.9200000000e+003 5.3781218838e-001
1.9220000000e+003 5.3781218838e-001
1.9220000000e+003 5.3780418838e-001
1.9240000000e+003 5.3780418838e-001
1.9240000000e+003 5.3779618838e-001
1.9260000000e+003 5.3779618838e-001
1.9260000000e+003 5.3778818838e-001
1.9280000000e+003 5.3778818838e-001
1.9280000000e+003 5.3778018838e-001
1.9300000000e+003 5.3778018838e-001
1.9300000000e+003 5.3777218838e-001
1.9320000000e+003 5.3777218838e-001
1.9320000000e+003 5.3776418838e-001
1.9340000000e+003 5.3776418838e-001
1.9340000000e+003 5.3775618838e-001
1.9360000000e+003 5.3775618838e-001
1.9360000000e+003 5.3774818838e-001
1.9380000000e+003 5.3774818838e-001
1.9380000000e+003 5.3774018838e-001
1.9400000000e+003 5.3774018838e-001
1.9400000000e+003 5.3773218838e-001
1.9420000000e+003 5.3773218838e-001
1.9420000000e+003 5.3772418838e-001
1.9440000000e+003 5.3772418838e-001
1.9440000000e+003 5.3771618838e-001
1.9460000000e+003 5.3771618838e-001
1.9460000000e+003 5.3770818838e-001
1.9480000000e+003 5.3770818838e-001
1.9480000000e+003 5.3770018838e-001
1.9500000000e+003 5.3770018838e-001
1.9500000000e+003 5.3769218838e-001
1.9520000000e+003 5.3769218838e-001
1.9520000000e+003 5.3768418838e-001
1.9540000000e+003 5.3768418838e-001
1.9540000000e+003 5.3767618838e-001
1.9560000000e+003 5.3767618838e-001
1.9560000000e+003 5.3766818838e-001
1.9580000000e+003 5.3766818838e-001
1.9580000000e+003 5.3766018838e-001
1.9600000000e+003 5.3766018838e-001
1.9600000000e+003 5.3765218838e-001
1.9620000000e+003 5.3765218838e-001
1.9620000000e+003 5.3764418838e-001
1.9640000000e+003 5.3764418838e-001
1.9640000000e+003 5.3763618838e-001
1.9660000000e+003 5.3763618838e-001
1.9660000000e+003 5.3762818838e-001
1.9680000000e+003 5.3762818838e-001
1.9680000000e+003 5.3762018838e-001
1.9700000000e+003 5.3762018838e-001
1.9700000000e+003 5.3761218838e-001
1.9720000000e+003 5.3761218838e-001
1.9720000000e+003 5.3760418838e-001
1.9740000000e+003 5.3760418838e-001
1.9740000000e+003 5.3759618838e-001
1.9760000000e+003 5.3759618838e-001
1.9760000000e+003 5.3758818838e-001
1.9780000000e+003 5.3758818838e-001
1.9780000000e+003 5.3758018838e-001
1.9800000000e+003 5.3758018838e-001
1.9800000000e+003 5.3757218838e-001
1.9820000000e+003 5.3757218838e-001
1.9820000000e+003 5.3756418838e-001
1.9840000000e+003 5.3756418838e-001
1.9840000000e+003 5.3755618838e-001
1.9860000000e+003 5.3755618838e-001
1.9860000000e+003 5.3754818838e-001
1.9880000000e+003 5.3754818838e-001
1.9880000000e+003 5.3754018838e-001
1.9900000000e+003 5.3754018838e-001
1.9900000000e+003 5.3753218838e-001
1.9920000000e+003 5.3753218838e-001
1.9920000000e+003 5.3752418838e-001
1.9940000000e+003 5.3752418838e-001
1.9940000000e+003 5.3751618838e-001
1.9960000000e+003 5.3751618838e-001
1.9960000000e+003 5.3750818838e-001
1.9980000000e+003 5.3750818838e-001
1.9980000000e+003 5.3750018838e-001
2.0000000000e+003 5.3750018838e-001
