1.500000000000000e+000 -2.522814384513245e+002
1.500050000000000e+000 -2.522814384513245e+002
1.500100000000000e+000 -2.522814384513245e+002
1.500150000000000e+000 -9.750338642784568e+001
1.500200000000000e+000 -1.371936091132277e+001
1.500250000000000e+000 4.986054330181540e+000
1.500300000000000e+000 4.413862105891510e+001
1.500350000000000e+000 2.415530048525284e+002
1.500400000000000e+000 2.149407636596868e+002
1.500450000000000e+000 -1.913015671135626e+002
1.500500000000000e+000 -2.509721349014833e+002
1.500550000000000e+000 -5.627472608293656e+001
1.500600000000000e+000 -7.011624340347805e+000
1.500650000000000e+000 1.132745270657405e+001
1.500700000000000e+000 7.876975277700731e+001
1.500750000000000e+000 2.500628560128061e+002
1.500800000000000e+000 1.427339420623344e+002
1.500850000000000e+000 -2.258573628948893e+002
1.500900000000000e+000 -2.166163354464398e+002
1.500950000000000e+000 -3.519878739977481e+001
1.501000000000000e+000 -2.759347245549757e+000
1.501050000000000e+000 1.894468357121023e+001
1.501100000000000e+000 1.334245109888643e+002
1.501150000000000e+000 2.454805263853151e+002
1.501200000000000e+000 2.840279882925959e+001
1.501250000000000e+000 -2.412516886420433e+002
1.501300000000000e+000 -1.608605015096982e+002
1.501350000000000e+000 -2.302772102017567e+001
1.501400000000000e+000 8.870637918196156e-001
1.501450000000000e+000 2.755756599349752e+001
1.501500000000000e+000 1.829043460758432e+002
1.501550000000000e+000 2.351259613911396e+002
1.501600000000000e+000 -7.432087833783440e+001
1.501650000000000e+000 -2.464830074631588e+002
1.501700000000000e+000 -1.106692645268914e+002
1.501750000000000e+000 -1.576993023959081e+001
1.501800000000000e+000 4.684044030779297e+000
1.501850000000000e+000 4.094679079168079e+001
1.501900000000000e+000 2.182296347635363e+002
1.501950000000000e+000 2.117278962073826e+002
1.502000000000000e+000 -1.518498265772427e+002
1.502050000000000e+000 -2.415393505441508e+002
1.502100000000000e+000 -7.180982142616973e+001
1.502150000000000e+000 -1.038825753698480e+001
1.502200000000000e+000 8.888317986760727e+000
1.502250000000000e+000 6.137450922687243e+001
1.502300000000000e+000 2.358914258310968e+002
1.502350000000000e+000 1.717887923569967e+002
1.502400000000000e+000 -1.970652976713547e+002
1.502450000000000e+000 -2.259781241945128e+002
1.502500000000000e+000 -4.815737808866118e+001
1.502550000000000e+000 -6.196764965937856e+000
1.502600000000000e+000 1.389011925056167e+001
1.502650000000000e+000 9.464639515194448e+001
1.502700000000000e+000 2.440285120838507e+002
1.502750000000000e+000 1.056439351402625e+002
1.502800000000000e+000 -2.259393781715003e+002
1.502850000000000e+000 -1.967305902365555e+002
1.502900000000000e+000 -3.217425882191964e+001
1.502950000000000e+000 -1.932175391785806e+000
1.503000000000000e+000 2.170877107434504e+001
1.503050000000000e+000 1.479615666286695e+002
1.503100000000000e+000 2.400504502625904e+002
1.503150000000000e+000 -3.649144041277570e+000
1.503200000000000e+000 -2.405536223061822e+002
1.503250000000000e+000 -1.443286862900231e+002
1.503300000000000e+000 -2.104905763857459e+001
1.503350000000000e+000 2.322258196925933e+000
1.503400000000000e+000 3.295009257403484e+001
1.503450000000000e+000 1.950744852305283e+002
1.503500000000000e+000 2.231356617054063e+002
1.503550000000000e+000 -1.038882803234173e+002
1.503600000000000e+000 -2.415481432429866e+002
1.503650000000000e+000 -9.476798614515354e+001
1.503700000000000e+000 -1.427384679343247e+001
1.503750000000000e+000 5.820780279833235e+000
1.503800000000000e+000 4.555535914042886e+001
1.503850000000000e+000 2.203228824131286e+002
1.503900000000000e+000 2.011320283619279e+002
1.503950000000000e+000 -1.600151317195322e+002
1.504000000000000e+000 -2.361160527438472e+002
1.504050000000000e+000 -6.667033776898460e+001
1.504100000000000e+000 -9.696841082320697e+000
1.504150000000000e+000 1.003786871087107e+001
1.504200000000000e+000 6.606565419143247e+001
1.504250000000000e+000 2.322785154425280e+002
1.504300000000000e+000 1.593844042632831e+002
1.504350000000000e+000 -1.953493807330302e+002
1.504400000000000e+000 -2.184357028798766e+002
1.504450000000000e+000 -4.737854463013692e+001
1.504500000000000e+000 -6.258486548484537e+000
1.504550000000000e+000 1.429664449685379e+001
1.504600000000000e+000 9.597324932316533e+001
1.504650000000000e+000 2.415416548254328e+002
1.504700000000000e+000 1.014173369541840e+002
1.504750000000000e+000 -2.236618865859178e+002
1.504800000000000e+000 -1.940830634737914e+002
1.504850000000000e+000 -3.284601591165410e+001
1.504900000000000e+000 -2.514051299156332e+000
1.504950000000000e+000 2.028731934851540e+001
1.505000000000000e+000 1.411106169087012e+002
1.505050000000000e+000 2.432978155576684e+002
1.505100000000000e+000 1.217733218775357e+001
1.505150000000000e+000 -2.414698185836057e+002
1.505200000000000e+000 -1.529359436803859e+002
1.505250000000000e+000 -2.218032996411586e+001
1.505300000000000e+000 1.562909177628805e+000
1.505350000000000e+000 2.978052062963429e+001
1.505400000000000e+000 1.847441083641508e+002
1.505450000000000e+000 2.294230210984882e+002
1.505500000000000e+000 -8.040957718147291e+001
1.505550000000000e+000 -2.427115237862169e+002
1.505600000000000e+000 -1.066087223185425e+002
1.505650000000000e+000 -1.559889823668489e+001
1.505700000000000e+000 5.588754266609286e+000
1.505750000000000e+000 4.389205300237499e+001
1.505800000000000e+000 2.105354489930132e+002
1.505850000000000e+000 2.006021604535520e+002
1.505900000000000e+000 -1.429710706065511e+002
1.505950000000000e+000 -2.324296980653501e+002
1.506000000000000e+000 -7.361408904224008e+001
1.506050000000000e+000 -1.148782370796451e+001
1.506100000000000e+000 8.494605185775365e+000
1.506150000000000e+000 5.795007410414917e+001
1.506200000000000e+000 2.265967223071277e+002
1.506250000000000e+000 1.747188110286896e+002
1.506300000000000e+000 -1.809705320658157e+002
1.506350000000000e+000 -2.242323195612665e+002
1.506400000000000e+000 -5.474880855171606e+001
1.506450000000000e+000 -7.915314566903133e+000
1.506500000000000e+000 1.211998439793387e+001
1.506550000000000e+000 7.896564826926840e+001
1.506600000000000e+000 2.366921035520143e+002
1.506650000000000e+000 1.343613765233690e+002
1.506700000000000e+000 -2.089447624363649e+002
1.506750000000000e+000 -2.079641762600508e+002
1.506800000000000e+000 -4.026127366344899e+001
1.506850000000000e+000 -4.366421212649494e+000
1.506900000000000e+000 1.747591639278764e+001
1.506950000000000e+000 1.154047583957331e+002
1.507000000000000e+000 2.401667924668546e+002
1.507050000000000e+000 6.155279872515762e+001
1.507100000000000e+000 -2.296528167441415e+002
1.507150000000000e+000 -1.747940427486369e+002
1.507200000000000e+000 -2.804080460351553e+001
1.507250000000000e+000 -4.147928914284828e-001
1.507300000000000e+000 2.529035956886296e+001
1.507350000000000e+000 1.566530436261785e+002
1.507400000000000e+000 2.309107903759011e+002
1.507450000000000e+000 -2.564748926603832e+001
1.507500000000000e+000 -2.352331867940785e+002
1.507550000000000e+000 -1.317036397858738e+002
1.507600000000000e+000 -2.059552863583730e+001
1.507650000000000e+000 2.696663356186159e+000
1.507700000000000e+000 3.349699839880134e+001
1.507750000000000e+000 1.836451634583662e+002
1.507800000000000e+000 2.165492901596307e+002
1.507850000000000e+000 -8.563566973350498e+001
1.507900000000000e+000 -2.332660897502794e+002
1.507950000000000e+000 -1.012220769577427e+002
1.508000000000000e+000 -1.625565049771642e+001
1.508050000000000e+000 5.316090123834289e+000
1.508100000000000e+000 4.311503270204064e+001
1.508150000000000e+000 2.040962108545429e+002
1.508200000000000e+000 1.991934860046707e+002
1.508250000000000e+000 -1.322146592155279e+002
1.508300000000000e+000 -2.294769908089299e+002
1.508350000000000e+000 -7.796260694130601e+001
1.508400000000000e+000 -1.267065701982033e+001
1.508450000000000e+000 7.858088463926473e+000
1.508500000000000e+000 5.634828909619085e+001
1.508550000000000e+000 2.267538152245296e+002
1.508600000000000e+000 1.788572131419022e+002
1.508650000000000e+000 -1.793152119402705e+002
1.508700000000000e+000 -2.264981435358088e+002
1.508750000000000e+000 -5.600139111803890e+001
1.508800000000000e+000 -7.688318324942228e+000
1.508850000000000e+000 1.295122280283128e+001
1.508900000000000e+000 7.844867983903812e+001
1.508950000000000e+000 2.282381239390463e+002
1.509000000000000e+000 1.306724246866137e+002
1.509050000000000e+000 -1.976523294586690e+002
1.509100000000000e+000 -2.026854378789639e+002
1.509150000000000e+000 -4.318424832055514e+001
1.509200000000000e+000 -4.899674611507930e+000
1.509250000000000e+000 1.781769836045432e+001
1.509300000000000e+000 1.065013527995317e+002
1.509350000000000e+000 2.280628176410636e+002
1.509400000000000e+000 7.152283852882169e+001
1.509450000000000e+000 -2.133918722316685e+002
1.509500000000000e+000 -1.752215074297038e+002
1.509550000000000e+000 -3.316649745301946e+001
1.509600000000000e+000 -2.852856706381028e+000
1.509650000000000e+000 2.037370229614537e+001
1.509700000000000e+000 1.292457011170718e+002
1.509750000000000e+000 2.350913728799666e+002
1.509800000000000e+000 3.083728733573919e+001
1.509850000000000e+000 -2.296798506428968e+002
1.509900000000000e+000 -1.590347755948966e+002
1.509950000000000e+000 -2.595028227201586e+001
1.510000000000000e+000 3.169477174198283e-001
1.510050000000000e+000 2.687034884769584e+001
1.510100000000000e+000 1.571722397929075e+002
1.510150000000000e+000 2.256268842522226e+002
1.510200000000000e+000 -2.955084472686556e+001
1.510250000000000e+000 -2.309813483081457e+002
1.510300000000000e+000 -1.284608549196646e+002
1.510350000000000e+000 -2.091737270651643e+001
1.510400000000000e+000 3.018932304562986e+000
1.510450000000000e+000 3.563954458268350e+001
1.510500000000000e+000 1.862664121433305e+002
1.510550000000000e+000 2.113652484921211e+002
1.510600000000000e+000 -9.312946224408776e+001
1.510650000000000e+000 -2.306673671184524e+002
1.510700000000000e+000 -9.685572365052762e+001
1.510750000000000e+000 -1.574075993546466e+001
1.510800000000000e+000 6.108709161507838e+000
1.510850000000000e+000 4.520371096685984e+001
1.510900000000000e+000 1.988840586088138e+002
1.510950000000000e+000 1.911130417081130e+002
1.511000000000000e+000 -1.266807749961915e+002
1.511050000000000e+000 -2.226306912875906e+002
1.511100000000000e+000 -7.849259705075467e+001
1.511150000000000e+000 -1.318942357309692e+001
1.511200000000000e+000 8.134943001642538e+000
1.511250000000000e+000 5.502196979546758e+001
1.511300000000000e+000 2.129966406989352e+002
1.511350000000000e+000 1.741354008762632e+002
1.511400000000000e+000 -1.586479187971856e+002
1.511450000000000e+000 -2.188350684150972e+002
1.511500000000000e+000 -6.318018609891482e+001
1.511550000000000e+000 -1.007143702823005e+001
1.511600000000000e+000 1.084166641032420e+001
1.511650000000000e+000 6.836610441828142e+001
1.511700000000000e+000 2.240723691411569e+002
1.511750000000000e+000 1.502196255508360e+002
1.511800000000000e+000 -1.851233975785656e+002
1.511850000000000e+000 -2.108357604607502e+002
1.511900000000000e+000 -5.000385937418439e+001
1.511950000000000e+000 -6.605647320473319e+000
1.512000000000000e+000 1.543552476801896e+001
1.512050000000000e+000 9.034002778242720e+001
1.512100000000000e+000 2.247188072456982e+002
1.512150000000000e+000 1.032145443891658e+002
1.512200000000000e+000 -2.006852636740250e+002
1.512250000000000e+000 -1.884776437597891e+002
1.512300000000000e+000 -3.951178687605793e+001
1.512350000000000e+000 -4.200275662165308e+000
1.512400000000000e+000 1.889034598155263e+001
1.512450000000000e+000 1.086595702771192e+002
1.512500000000000e+000 2.245967260482683e+002
1.512550000000000e+000 6.537691971108272e+001
1.512600000000000e+000 -2.103967118950581e+002
1.512650000000000e+000 -1.710168517187545e+002
1.512700000000000e+000 -3.316808786569845e+001
1.512750000000000e+000 -2.283949355727056e+000
1.512800000000000e+000 2.216856719591923e+001
1.512850000000000e+000 1.255926632619456e+002
1.512900000000000e+000 2.231690172315957e+002
1.512950000000000e+000 3.058077217925223e+001
1.513000000000000e+000 -2.166987752850855e+002
1.513050000000000e+000 -1.546754484520320e+002
1.513100000000000e+000 -2.842466444912889e+001
1.513150000000000e+000 -1.812032409232267e-001
1.513200000000000e+000 2.746698859367430e+001
1.513250000000000e+000 1.505550284854801e+002
1.513300000000000e+000 2.180490918015483e+002
1.513350000000000e+000 -2.157721101896257e+001
1.513400000000000e+000 -2.224415019112660e+002
1.513450000000000e+000 -1.297472689728799e+002
1.513500000000000e+000 -2.274727541837571e+001
1.513550000000000e+000 2.498338000582310e+000
1.513600000000000e+000 3.377979435427920e+001
1.513650000000000e+000 1.663492948096574e+002
1.513700000000000e+000 2.055492895648602e+002
1.513750000000000e+000 -5.943157955766939e+001
1.513800000000000e+000 -2.191918782959903e+002
1.513850000000000e+000 -1.097489291413194e+002
1.513900000000000e+000 -1.989947192538829e+001
1.513950000000000e+000 3.797051052574157e+000
1.514000000000000e+000 3.810475888980923e+001
1.514050000000000e+000 1.799910418045649e+002
1.514100000000000e+000 2.000862281256499e+002
1.514150000000000e+000 -8.787685085432949e+001
1.514200000000000e+000 -2.209455530062165e+002
1.514250000000000e+000 -9.645511354233489e+001
1.514300000000000e+000 -1.694820880799789e+001
1.514350000000000e+000 5.980796083657137e+000
1.514400000000000e+000 4.623260673880898e+001
1.514450000000000e+000 1.966201849061914e+002
1.514500000000000e+000 1.870163823531020e+002
1.514550000000000e+000 -1.245059373101270e+002
1.514600000000000e+000 -2.194314767653887e+002
1.514650000000000e+000 -7.861645779635083e+001
1.514700000000000e+000 -1.320399019105080e+001
1.514750000000000e+000 8.961469900510357e+000
1.514800000000000e+000 5.630889020588119e+001
1.514850000000000e+000 2.028823224178648e+002
1.514900000000000e+000 1.651990312476198e+002
1.514950000000000e+000 -1.456168986871959e+002
1.515000000000000e+000 -2.098752415511598e+002
1.515050000000000e+000 -6.641350011478004e+001
1.515100000000000e+000 -1.133901339354651e+001
1.515150000000000e+000 1.024802700049501e+001
1.515200000000000e+000 6.159150473831786e+001
1.515250000000000e+000 2.073821275970991e+002
1.515300000000000e+000 1.554499078267501e+002
1.515350000000000e+000 -1.570921931062740e+002
1.515400000000000e+000 -2.066881417226305e+002
1.515450000000000e+000 -6.059377788403317e+001
1.515500000000000e+000 -9.849209341979377e+000
1.515550000000000e+000 1.209880175069173e+001
1.515600000000000e+000 7.022089860268493e+001
1.515650000000000e+000 2.119131727359300e+002
1.515700000000000e+000 1.385512530084817e+002
1.515750000000000e+000 -1.707588518686621e+002
1.515800000000000e+000 -2.000282248198898e+002
1.515850000000000e+000 -5.308577621002212e+001
1.515900000000000e+000 -7.616334757862052e+000
1.515950000000000e+000 1.552676723106942e+001
1.516000000000000e+000 8.526398861800693e+001
1.516050000000000e+000 2.123331109054304e+002
1.516100000000000e+000 1.056536475461561e+002
1.516150000000000e+000 -1.831874069125985e+002
1.516200000000000e+000 -1.845972071358978e+002
1.516250000000000e+000 -4.477868957265460e+001
1.516300000000000e+000 -5.801661873914323e+000
1.516350000000000e+000 1.762910312973715e+001
1.516400000000000e+000 9.484682293390829e+001
1.516450000000000e+000 2.132323154861695e+002
1.516500000000000e+000 8.609542934817121e+001
1.516550000000000e+000 -1.906330402735102e+002
1.516600000000000e+000 -1.760595989215537e+002
1.516650000000000e+000 -4.040869555037330e+001
1.516700000000000e+000 -4.626320163039116e+000
1.516750000000000e+000 1.925443513763812e+001
1.516800000000000e+000 1.040468194193309e+002
1.516850000000000e+000 2.158549373480139e+002
1.516900000000000e+000 6.914719870861423e+001
1.516950000000000e+000 -1.986657928534973e+002
1.517000000000000e+000 -1.692802281343289e+002
1.517050000000000e+000 -3.616161723999213e+001
1.517100000000000e+000 -2.606422594115653e+000
1.517150000000000e+000 2.323438725813098e+001
1.517200000000000e+000 1.181077101771100e+002
1.517250000000000e+000 2.094096593117685e+002
1.517300000000000e+000 3.626537135857946e+001
1.517350000000000e+000 -2.001174103397536e+002
1.517400000000000e+000 -1.520933382341251e+002
1.517450000000000e+000 -3.218255214407841e+001
1.517500000000000e+000 -1.326932475253497e+000
1.517550000000000e+000 2.573636580516566e+001
1.517600000000000e+000 1.261509666631694e+002
1.517650000000000e+000 2.049995149420382e+002
1.517700000000000e+000 1.715219597546299e+001
1.517750000000000e+000 -2.005410796402825e+002
1.517800000000000e+000 -1.422493232359994e+002
1.517850000000000e+000 -3.011307448454177e+001
1.517900000000000e+000 -5.927861767141649e-001
1.517950000000000e+000 2.793628966370669e+001
1.518000000000000e+000 1.386157977554204e+002
1.518050000000000e+000 2.061253609803976e+002
1.518100000000000e+000 -6.358153548786934e+000
1.518150000000000e+000 -2.077136199741335e+002
1.518200000000000e+000 -1.326604208364519e+002
1.518250000000000e+000 -2.646194275829435e+001
1.518300000000000e+000 1.096673878165039e+000
1.518350000000000e+000 3.125313556917101e+001
1.518400000000000e+000 1.486272093459267e+002
1.518450000000000e+000 2.017796339629613e+002
1.518500000000000e+000 -2.817701795585760e+001
1.518550000000000e+000 -2.087930075939430e+002
1.518600000000000e+000 -1.218904228170043e+002
1.518650000000000e+000 -2.401082866102877e+001
1.518700000000000e+000 2.273188704872384e+000
1.518750000000000e+000 3.362424640299462e+001
1.518800000000000e+000 1.520637821546500e+002
1.518850000000000e+000 1.960001758839100e+002
1.518900000000000e+000 -3.836933916986069e+001
1.518950000000000e+000 -2.060025979370919e+002
1.519000000000000e+000 -1.157094369943528e+002
1.519050000000000e+000 -2.311732518378148e+001
1.519100000000000e+000 3.103820306012719e+000
1.519150000000000e+000 3.697404351529539e+001
1.519200000000000e+000 1.614275349974534e+002
1.519250000000000e+000 1.909550331336202e+002
1.519300000000000e+000 -5.911743827332125e+001
1.519350000000000e+000 -2.069036537322359e+002
1.519400000000000e+000 -1.057596447201797e+002
1.519450000000000e+000 -2.076789726261101e+001
1.519500000000000e+000 4.407090092356298e+000
1.519550000000000e+000 3.989697655033871e+001
1.519600000000000e+000 1.647376415842674e+002
1.519650000000000e+000 1.842707383294775e+002
1.519700000000000e+000 -6.923800075662061e+001
1.519750000000000e+000 -2.039354287965486e+002
1.519800000000000e+000 -9.974311877428931e+001
1.519850000000000e+000 -1.981873765978261e+001
1.519900000000000e+000 5.103326601302006e+000
1.519950000000000e+000 4.206151112365492e+001
1.520000000000000e+000 1.672700887852029e+002
1.520050000000000e+000 1.793008853320602e+002
1.520100000000000e+000 -7.687449494997887e+001
1.520150000000000e+000 -2.019754091904118e+002
1.520200000000000e+000 -9.533652228950771e+001
1.520250000000000e+000 -1.891972143642267e+001
1.520300000000000e+000 6.115494784105628e+000
1.520350000000000e+000 4.613517083666944e+001
1.520400000000000e+000 1.744280892597478e+002
1.520450000000000e+000 1.722315896582276e+002
1.520500000000000e+000 -9.380192539553586e+001
1.520550000000000e+000 -2.012163958796275e+002
1.520600000000000e+000 -8.716457996202345e+001
1.520650000000000e+000 -1.714540853764073e+001
1.520700000000000e+000 6.935116996249366e+000
1.520750000000000e+000 4.774437674628720e+001
1.520800000000000e+000 1.760137666340052e+002
1.520850000000000e+000 1.692969550291676e+002
1.520900000000000e+000 -9.805872217227285e+001
1.520950000000000e+000 -2.001546298757236e+002
1.521000000000000e+000 -8.478015522368469e+001
1.521050000000000e+000 -1.657375991916125e+001
1.521100000000000e+000 7.526265026067034e+000
1.521150000000000e+000 4.954198066886621e+001
1.521200000000000e+000 1.768626397728128e+002
1.521250000000000e+000 1.649771630230118e+002
1.521300000000000e+000 -1.019132580026263e+002
1.521350000000000e+000 -1.980237739582947e+002
1.521400000000000e+000 -8.220517855358897e+001
1.521450000000000e+000 -1.597403170164871e+001
1.521500000000000e+000 8.399415732048539e+000
1.521550000000000e+000 5.273103411801298e+001
1.521600000000000e+000 1.789356429545898e+002
1.521650000000000e+000 1.577174670824579e+002
1.521700000000000e+000 -1.095165435742592e+002
1.521750000000000e+000 -1.950471281738503e+002
1.521800000000000e+000 -7.779701482321025e+001
1.521850000000000e+000 -1.519379511782914e+001
1.521900000000000e+000 8.755563302292467e+000
1.521950000000000e+000 5.303250046045329e+001
1.522000000000000e+000 1.772962581065484e+002
1.522050000000000e+000 1.559177355315524e+002
1.522100000000000e+000 -1.076519153731168e+002
1.522150000000000e+000 -1.931218424695296e+002
1.522200000000000e+000 -7.782872151835832e+001
1.522250000000000e+000 -1.506315345070702e+001
1.522300000000000e+000 9.721206734270306e+000
1.522350000000000e+000 5.702454733166655e+001
1.522400000000000e+000 1.788163081596882e+002
1.522450000000000e+000 1.461996222797851e+002
1.522500000000000e+000 -1.156582592727548e+002
1.522550000000000e+000 -1.888861787877736e+002
1.522600000000000e+000 -7.299098508016462e+001
1.522650000000000e+000 -1.431235096532320e+001
1.522700000000000e+000 9.993511741476056e+000
1.522750000000000e+000 5.807402818251229e+001
1.522800000000000e+000 1.811947835806095e+002
1.522850000000000e+000 1.454533386219352e+002
1.522900000000000e+000 -1.198529078331990e+002
1.522950000000000e+000 -1.897463934716641e+002
1.523000000000000e+000 -7.154843316100360e+001
1.523050000000000e+000 -1.394285887606988e+001
1.523100000000000e+000 9.830088461458766e+000
1.523150000000000e+000 5.630848839702248e+001
1.523200000000000e+000 1.787892979457253e+002
1.523250000000000e+000 1.486243523538000e+002
1.523300000000000e+000 -1.140060862428400e+002
1.523350000000000e+000 -1.899762363348556e+002
1.523400000000000e+000 -7.397687833954754e+001
1.523450000000000e+000 -1.422028039910384e+001
1.523500000000000e+000 1.056489873876115e+001
1.523550000000000e+000 5.937950719481037e+001
1.523600000000000e+000 1.786382378803622e+002
1.523650000000000e+000 1.402827822762185e+002
1.523700000000000e+000 -1.183955500647104e+002
1.523750000000000e+000 -1.857148426587395e+002
1.523800000000000e+000 -7.074129539433450e+001
1.523850000000000e+000 -1.384557310769107e+001
1.523900000000000e+000 1.054781017686628e+001
1.523950000000000e+000 5.897158080094501e+001
1.524000000000000e+000 1.781253056094381e+002
1.524050000000000e+000 1.410417283419428e+002
1.524100000000000e+000 -1.171002210764846e+002
1.524150000000000e+000 -1.858059727483662e+002
1.524200000000000e+000 -7.129816323777467e+001
1.524250000000000e+000 -1.390730719808508e+001
1.524300000000000e+000 1.066782929041642e+001
1.524350000000000e+000 5.891197984299038e+001
1.524400000000000e+000 1.759749755642471e+002
1.524450000000000e+000 1.395419565651737e+002
1.524500000000000e+000 -1.144333611273391e+002
1.524550000000000e+000 -1.838974259617124e+002
1.524600000000000e+000 -7.177107976222793e+001
1.524650000000000e+000 -1.417873149101830e+001
1.524700000000000e+000 1.056796619362728e+001
1.524750000000000e+000 5.803769706563184e+001
1.524800000000000e+000 1.723967853672747e+002
1.524850000000000e+000 1.388290641027808e+002
1.524900000000000e+000 -1.091372422700003e+002
1.524950000000000e+000 -1.816925429356406e+002
1.525000000000000e+000 -7.332807444235361e+001
1.525050000000000e+000 -1.489890452948124e+001
1.525100000000000e+000 1.011778875205246e+001
1.525150000000000e+000 5.699211725826759e+001
1.525200000000000e+000 1.710764010522952e+002
1.525250000000000e+000 1.402845180284277e+002
1.525300000000000e+000 -1.062242482406018e+002
1.525350000000000e+000 -1.817612445223018e+002
1.525400000000000e+000 -7.460236638120360e+001
1.525450000000000e+000 -1.518397990096698e+001
1.525500000000000e+000 1.014086880640692e+001
1.525550000000000e+000 5.697625873571497e+001
1.525600000000000e+000 1.694477130302075e+002
1.525650000000000e+000 1.389316351433087e+002
1.525700000000000e+000 -1.043656842396638e+002
1.525750000000000e+000 -1.801947737842207e+002
1.525800000000000e+000 -7.485950280761952e+001
1.525850000000000e+000 -1.541676607851138e+001
1.525900000000000e+000 9.972443768505134e+000
1.525950000000000e+000 5.587479498944359e+001
1.526000000000000e+000 1.659364762398990e+002
1.526050000000000e+000 1.388564561638507e+002
1.526100000000000e+000 -9.875565665857732e+001
1.526150000000000e+000 -1.782809755782289e+002
1.526200000000000e+000 -7.669137842885662e+001
1.526250000000000e+000 -1.628128986890866e+001
1.526300000000000e+000 9.281855766012415e+000
1.526350000000000e+000 5.399837573870077e+001
1.526400000000000e+000 1.637875005470262e+002
1.526450000000000e+000 1.419113463591687e+002
1.526500000000000e+000 -9.345260081391750e+001
1.526550000000000e+000 -1.787174444842915e+002
1.526600000000000e+000 -7.924251180502958e+001
1.526650000000000e+000 -1.705701569980682e+001
1.526700000000000e+000 8.623415557388627e+000
1.526750000000000e+000 5.145374518781136e+001
1.526800000000000e+000 1.588893869240543e+002
1.526850000000000e+000 1.447399616105222e+002
1.526900000000000e+000 -8.353115292816604e+001
1.526950000000000e+000 -1.773672026097089e+002
1.527000000000000e+000 -8.315447154097578e+001
1.527050000000000e+000 -1.829285452200277e+001
1.527100000000000e+000 8.156646268827032e+000
1.527150000000000e+000 5.034580748690081e+001
1.527200000000000e+000 1.548108647035774e+002
1.527250000000000e+000 1.437948849048951e+002
1.527300000000000e+000 -7.747100770490386e+001
1.527350000000000e+000 -1.746424765157807e+002
1.527400000000000e+000 -8.500484517044730e+001
1.527450000000000e+000 -1.940516012115489e+001
1.527500000000000e+000 7.221446845361804e+000
1.527550000000000e+000 4.817279695462543e+001
1.527600000000000e+000 1.528322032190572e+002
1.527650000000000e+000 1.480538473575030e+002
1.527700000000000e+000 -7.140379435221861e+001
1.527750000000000e+000 -1.758811065862486e+002
1.527800000000000e+000 -8.837249208569814e+001
1.527850000000000e+000 -2.036346372510934e+001
1.527900000000000e+000 6.405306624617491e+000
1.527950000000000e+000 4.542267427469886e+001
1.528000000000000e+000 1.476673967962338e+002
1.528050000000000e+000 1.516783166641060e+002
1.528100000000000e+000 -5.996842821893726e+001
1.528150000000000e+000 -1.746988276868343e+002
1.528200000000000e+000 -9.325088490440750e+001
1.528250000000000e+000 -2.194546201448095e+001
1.528300000000000e+000 5.615454249018491e+000
1.528350000000000e+000 4.315372691293885e+001
1.528400000000000e+000 1.404201442803128e+002
1.528450000000000e+000 1.513959424695063e+002
1.528500000000000e+000 -4.757653094384109e+001
1.528550000000000e+000 -1.700386576774613e+002
1.528600000000000e+000 -9.738358935923840e+001
1.528650000000000e+000 -2.405556430495015e+001
1.528700000000000e+000 4.423992598438467e+000
1.528750000000000e+000 4.092646153889598e+001
1.528800000000000e+000 1.359849354973210e+002
1.528850000000000e+000 1.533938596395074e+002
1.528900000000000e+000 -3.849067408926137e+001
1.528950000000000e+000 -1.685341688859938e+002
1.529000000000000e+000 -1.013553251653650e+002
1.529050000000000e+000 -2.574677961417717e+001
1.529100000000000e+000 3.238454561878294e+000
1.529150000000000e+000 3.823980628013312e+001
1.529200000000000e+000 1.314980328417500e+002
1.529250000000000e+000 1.576869697396338e+002
1.529300000000000e+000 -2.719223918190115e+001
1.529350000000000e+000 -1.681311240908176e+002
1.529400000000000e+000 -1.068215706245576e+002
1.529450000000000e+000 -2.749348385945262e+001
1.529500000000000e+000 2.360780444483315e+000
1.529550000000000e+000 3.581652389980516e+001
1.529600000000000e+000 1.230650338935212e+002
1.529650000000000e+000 1.567635926187234e+002
1.529700000000000e+000 -1.240561491524433e+001
1.529750000000000e+000 -1.615993669170758e+002
1.529800000000000e+000 -1.116918012002861e+002
1.529850000000000e+000 -3.054447824830336e+001
1.529900000000000e+000 6.479525473026019e-001
1.529950000000000e+000 3.287769720199460e+001
1.530000000000000e+000 1.168099778718662e+002
1.530050000000000e+000 1.595062620589555e+002
1.530100000000000e+000 1.291154085362578e+000
1.530150000000000e+000 -1.588929862586110e+002
1.530200000000000e+000 -1.177868551529244e+002
1.530250000000000e+000 -3.322379367691015e+001
1.530300000000000e+000 -7.115055350269801e-001
1.530350000000000e+000 3.025740189294866e+001
1.530400000000000e+000 1.097021268715912e+002
1.530450000000000e+000 1.605869516874547e+002
1.530500000000000e+000 1.581554717013148e+001
1.530550000000000e+000 -1.539451234347326e+002
1.530600000000000e+000 -1.234363961994611e+002
1.530650000000000e+000 -3.628014038753458e+001
1.530700000000000e+000 -2.029716106322993e+000
1.530750000000000e+000 2.797781589443710e+001
1.530800000000000e+000 1.013855671588938e+002
1.530850000000000e+000 1.576779951687599e+002
1.530900000000000e+000 2.961300649204705e+001
1.530950000000000e+000 -1.447158876670773e+002
1.531000000000000e+000 -1.270601799781544e+002
1.531050000000000e+000 -4.004543053920543e+001
1.531100000000000e+000 -3.691272638362901e+000
1.531150000000000e+000 2.595476779623606e+001
1.531200000000000e+000 9.523154117556334e+001
1.531250000000000e+000 1.552936282665580e+002
1.531300000000000e+000 3.948228775941503e+001
1.531350000000000e+000 -1.375952524601454e+002
1.531400000000000e+000 -1.297588785360062e+002
1.531450000000000e+000 -4.342095004364329e+001
1.531500000000000e+000 -5.668870932239439e+000
1.531550000000000e+000 2.294161390987326e+001
1.531600000000000e+000 8.884332496822761e+001
1.531650000000000e+000 1.583302337369990e+002
1.531700000000000e+000 5.523550324943039e+001
1.531750000000000e+000 -1.335178406119578e+002
1.531800000000000e+000 -1.372389643649500e+002
1.531850000000000e+000 -4.746719153567329e+001
1.531900000000000e+000 -7.199891068760629e+000
1.531950000000000e+000 2.058621854778951e+001
1.532000000000000e+000 8.083169496493507e+001
1.532050000000000e+000 1.548097045917606e+002
1.532100000000000e+000 6.929580034169898e+001
1.532150000000000e+000 -1.216950384921938e+002
1.532200000000000e+000 -1.406508365657301e+002
1.532250000000000e+000 -5.284121712995362e+001
1.532300000000000e+000 -9.512536880580313e+000
1.532350000000000e+000 1.794903209454580e+001
1.532400000000000e+000 7.319218039831826e+001
1.532450000000000e+000 1.506625889895306e+002
1.532500000000000e+000 8.219423270819519e+001
1.532550000000000e+000 -1.089726086611470e+002
1.532600000000000e+000 -1.433664873766556e+002
1.532650000000000e+000 -5.867183992406061e+001
1.532700000000000e+000 -1.193767423915052e+001
1.532750000000000e+000 1.554987382326728e+001
1.532800000000000e+000 6.666395029624934e+001
1.532850000000000e+000 1.460180672798002e+002
1.532900000000000e+000 9.258291588887059e+001
1.532950000000000e+000 -9.627809231575236e+001
1.533000000000000e+000 -1.448507097514471e+002
1.533050000000000e+000 -6.442236961747221e+001
1.533100000000000e+000 -1.445782128605532e+001
1.533150000000000e+000 1.311220692562803e+001
1.533200000000000e+000 6.064231610870483e+001
1.533250000000000e+000 1.420817738966347e+002
1.533300000000000e+000 1.031284473229999e+002
1.533350000000000e+000 -8.374367106541028e+001
1.533400000000000e+000 -1.468182738279511e+002
1.533450000000000e+000 -7.057376797128673e+001
1.533500000000000e+000 -1.694716191364658e+001
1.533550000000000e+000 1.079017961765318e+001
1.533600000000000e+000 5.421202053075680e+001
1.533650000000000e+000 1.345415140695254e+002
1.533700000000000e+000 1.118188554373706e+002
1.533750000000000e+000 -6.610586836793839e+001
1.533800000000000e+000 -1.455041850404172e+002
1.533850000000000e+000 -7.786306204597602e+001
1.533900000000000e+000 -2.027134741740297e+001
1.533950000000000e+000 8.224237611999197e+000
1.534000000000000e+000 4.839671720141298e+001
1.534050000000000e+000 1.270843072943330e+002
1.534100000000000e+000 1.191777546096998e+002
1.534150000000000e+000 -4.874687402967943e+001
1.534200000000000e+000 -1.435799665922248e+002
1.534250000000000e+000 -8.517367457858926e+001
1.534300000000000e+000 -2.370444879256688e+001
1.534350000000000e+000 5.814298861890262e+000
1.534400000000000e+000 4.337318411878464e+001
1.534450000000000e+000 1.196217079948268e+002
1.534500000000000e+000 1.247139186334062e+002
1.534550000000000e+000 -3.200808677366184e+001
1.534600000000000e+000 -1.406420508137669e+002
1.534650000000000e+000 -9.216493890139032e+001
1.534700000000000e+000 -2.740341773726692e+001
1.534750000000000e+000 3.086986653428279e+000
1.534800000000000e+000 3.788197120506510e+001
1.534850000000000e+000 1.115332135586854e+002
1.534900000000000e+000 1.318852313362336e+002
1.534950000000000e+000 -1.183469647515768e+001
1.535000000000000e+000 -1.375244620861272e+002
1.535050000000000e+000 -1.010044589841120e+002
1.535100000000000e+000 -3.163879852901181e+001
1.535150000000000e+000 7.664022129008208e-001
1.535200000000000e+000 3.338297036903825e+001
1.535250000000000e+000 1.004778436753906e+002
1.535300000000000e+000 1.312503222560162e+002
1.535350000000000e+000 7.822233152728488e+000
1.535400000000000e+000 -1.269768689919588e+002
1.535450000000000e+000 -1.065722020432198e+002
1.535500000000000e+000 -3.675309750749090e+001
1.535550000000000e+000 -2.129238712304570e+000
1.535600000000000e+000 2.942889166198836e+001
1.535650000000000e+000 9.324293095725012e+001
1.535700000000000e+000 1.330914573240836e+002
1.535750000000000e+000 2.290289641354779e+001
1.535800000000000e+000 -1.210120231884151e+002
1.535850000000000e+000 -1.123434602142304e+002
1.535900000000000e+000 -4.117633880642682e+001
1.535950000000000e+000 -4.775427887186716e+000
1.536000000000000e+000 2.498203788072539e+001
1.536050000000000e+000 8.316869129603046e+001
1.536100000000000e+000 1.331032068470384e+002
1.536150000000000e+000 4.311953237913168e+001
1.536200000000000e+000 -1.093792250057684e+002
1.536250000000000e+000 -1.186137539393674e+002
1.536300000000000e+000 -4.765969121404432e+001
1.536350000000000e+000 -7.898878884695363e+000
1.536400000000000e+000 2.132503263971954e+001
1.536450000000000e+000 7.492625183637870e+001
1.536500000000000e+000 1.305748653279356e+002
1.536550000000000e+000 5.760395327624809e+001
1.536600000000000e+000 -9.740990899534658e+001
1.536650000000000e+000 -1.218878687454754e+002
1.536700000000000e+000 -5.357602424812715e+001
1.536750000000000e+000 -1.107836968636792e+001
1.536800000000000e+000 1.739082108393377e+001
1.536850000000000e+000 6.572368878317153e+001
1.536900000000000e+000 1.263422669882197e+002
1.536950000000000e+000 7.354672801336754e+001
1.537000000000000e+000 -8.108020091933737e+001
1.537050000000000e+000 -1.243518717472648e+002
1.537100000000000e+000 -6.111361342127405e+001
1.537150000000000e+000 -1.468423835515530e+001
1.537200000000000e+000 1.417665451653960e+001
1.537250000000000e+000 5.880522774434252e+001
1.537300000000000e+000 1.206614220715607e+002
1.537350000000000e+000 8.299159982017476e+001
1.537400000000000e+000 -6.639458536908694e+001
1.537450000000000e+000 -1.237701150933008e+002
1.537500000000000e+000 -6.730345033877357e+001
1.537550000000000e+000 -1.832826330671997e+001
1.537600000000000e+000 1.055306902377130e+001
1.537650000000000e+000 5.157854761860102e+001
1.537700000000000e+000 1.160907381588726e+002
1.537750000000000e+000 9.572217615328960e+001
1.537800000000000e+000 -4.964299889310225e+001
1.537850000000000e+000 -1.248557986281790e+002
1.537900000000000e+000 -7.550369174960761e+001
1.537950000000000e+000 -2.230464236979391e+001
1.538000000000000e+000 7.341916033042054e+000
1.538050000000000e+000 4.464223398336651e+001
1.538100000000000e+000 1.066916939770807e+002
1.538150000000000e+000 1.024332329388000e+002
1.538200000000000e+000 -2.899699681256926e+001
1.538250000000000e+000 -1.193514896478042e+002
1.538300000000000e+000 -8.282931222240558e+001
1.538350000000000e+000 -2.723400761862148e+001
1.538400000000000e+000 3.703072167826881e+000
1.538450000000000e+000 3.837484903810585e+001
1.538500000000000e+000 9.840774072761768e+001
1.538550000000000e+000 1.085955223297618e+002
1.538600000000000e+000 -9.611241996374773e+000
1.538650000000000e+000 -1.140691243831201e+002
1.538700000000000e+000 -9.023996100858180e+001
1.538750000000000e+000 -3.233114565505797e+001
1.538800000000000e+000 2.479414360256012e-001
1.538850000000000e+000 3.252993623814001e+001
1.538900000000000e+000 8.846069848111050e+001
1.538950000000000e+000 1.111320342266181e+002
1.539000000000000e+000 1.059392391353032e+001
1.539050000000000e+000 -1.044510256090777e+002
1.539100000000000e+000 -9.633680270406207e+001
1.539150000000000e+000 -3.816852202400200e+001
1.539200000000000e+000 -3.294434433589551e+000
1.539250000000000e+000 2.781460843129765e+001
1.539300000000000e+000 8.047988757734125e+001
1.539350000000000e+000 1.119493158465827e+002
1.539400000000000e+000 2.619583272054368e+001
1.539450000000000e+000 -9.546088213780334e+001
1.539500000000000e+000 -1.008048018318097e+002
1.539550000000000e+000 -4.358028824830555e+001
1.539600000000000e+000 -6.820052514740636e+000
1.539650000000000e+000 2.282235370521358e+001
1.539700000000000e+000 7.117181033356501e+001
1.539750000000000e+000 1.113721843555080e+002
1.539800000000000e+000 4.428006020590453e+001
1.539850000000000e+000 -8.224615628017759e+001
1.539900000000000e+000 -1.048592276171972e+002
1.539950000000000e+000 -5.045666809879812e+001
1.540000000000000e+000 -1.070517039107471e+001
1.540050000000000e+000 1.848000080270466e+001
1.540100000000000e+000 6.243613906178663e+001
1.540150000000000e+000 1.065495406691706e+002
1.540200000000000e+000 5.705447560805339e+001
1.540250000000000e+000 -6.660743772019197e+001
1.540300000000000e+000 -1.047060168891916e+002
1.540350000000000e+000 -5.680203912944059e+001
1.540400000000000e+000 -1.489884835386260e+001
1.540450000000000e+000 1.419257619918334e+001
1.540500000000000e+000 5.497751962913723e+001
1.540550000000000e+000 1.029709927223258e+002
1.540600000000000e+000 6.923550136013527e+001
1.540650000000000e+000 -5.195926086333813e+001
1.540700000000000e+000 -1.051370229473658e+002
1.540750000000000e+000 -6.359287584317465e+001
1.540800000000000e+000 -1.911834994212069e+001
1.540850000000000e+000 1.018441358257297e+001
1.540900000000000e+000 4.757542025588818e+001
1.540950000000000e+000 9.666732175366582e+001
1.541000000000000e+000 7.874664855324804e+001
1.541050000000000e+000 -3.439481750454732e+001
1.541100000000000e+000 -1.020481619995387e+002
1.541150000000000e+000 -7.026591087536143e+001
1.541200000000000e+000 -2.387151654951024e+001
1.541250000000000e+000 6.260720537325477e+000
1.541300000000000e+000 4.113530034441794e+001
1.541350000000000e+000 9.002532172827529e+001
1.541400000000000e+000 8.545807864698737e+001
1.541450000000000e+000 -1.781190175122760e+001
1.541500000000000e+000 -9.741155390135951e+001
1.541550000000000e+000 -7.622191443294543e+001
1.541600000000000e+000 -2.880575914634627e+001
1.541650000000000e+000 2.179229025196916e+000
1.541700000000000e+000 3.440705890885354e+001
1.541750000000000e+000 8.146834720804833e+001
1.541800000000000e+000 9.051404065810550e+001
1.541850000000000e+000 1.705500080827572e+000
1.541900000000000e+000 -8.899479907373457e+001
1.541950000000000e+000 -8.196899245532829e+001
1.542000000000000e+000 -3.463695683529498e+001
1.542050000000000e+000 -1.826576941840431e+000
1.542100000000000e+000 2.890951369040107e+001
1.542150000000000e+000 7.291422991805666e+001
1.542200000000000e+000 9.044491386024143e+001
1.542250000000000e+000 1.662836603127124e+001
1.542300000000000e+000 -7.821446188651349e+001
1.542350000000000e+000 -8.435426269521493e+001
1.542400000000000e+000 -3.984766519042996e+001
1.542450000000000e+000 -5.717525043037267e+000
1.542500000000000e+000 2.411670507443018e+001
1.542550000000000e+000 6.610341916586043e+001
1.542600000000000e+000 9.085860529264265e+001
1.542650000000000e+000 2.963304749573151e+001
1.542700000000000e+000 -6.877498301133109e+001
1.542750000000000e+000 -8.688287246452724e+001
1.542800000000000e+000 -4.516628037166953e+001
1.542850000000000e+000 -9.675083374641798e+000
1.542900000000000e+000 1.913926102136377e+001
1.542950000000000e+000 5.819155999213137e+001
1.543000000000000e+000 8.935062160650672e+001
1.543050000000000e+000 4.372327954148210e+001
1.543100000000000e+000 -5.519651540092369e+001
1.543150000000000e+000 -8.778627926831533e+001
1.543200000000000e+000 -5.138978771006301e+001
1.543250000000000e+000 -1.410836768244471e+001
1.543300000000000e+000 1.452186577378576e+001
1.543350000000000e+000 5.065317272371935e+001
1.543400000000000e+000 8.482178123802956e+001
1.543450000000000e+000 5.351145481664488e+001
1.543500000000000e+000 -4.053611640320705e+001
1.543550000000000e+000 -8.530805843496343e+001
1.543600000000000e+000 -5.664585009014435e+001
1.543650000000000e+000 -1.861785717426673e+001
1.543700000000000e+000 1.009081691007057e+001
1.543750000000000e+000 4.395194748663198e+001
1.543800000000000e+000 8.028253363990490e+001
1.543850000000000e+000 6.184873695609232e+001
1.543900000000000e+000 -2.616115581122010e+001
1.543950000000000e+000 -8.202901258491107e+001
1.544000000000000e+000 -6.177765768934142e+001
1.544050000000000e+000 -2.326790845016316e+001
1.544100000000000e+000 5.759704732264334e+000
1.544150000000000e+000 3.718892621249376e+001
1.544200000000000e+000 7.340981005267354e+001
1.544250000000000e+000 6.705494155977567e+001
1.544300000000000e+000 -1.030718364312122e+001
1.544350000000000e+000 -7.481307735627631e+001
1.544400000000000e+000 -6.553176376075268e+001
1.544450000000000e+000 -2.809211336879283e+001
1.544500000000000e+000 1.742197614494835e+000
1.544550000000000e+000 3.182456519142891e+001
1.544600000000000e+000 6.718010628766291e+001
1.544650000000000e+000 6.885025458411639e+001
1.544700000000000e+000 1.397777149151776e+000
1.544750000000000e+000 -6.744390331793355e+001
1.544800000000000e+000 -6.747500571310913e+001
1.544850000000000e+000 -3.225970372887591e+001
1.544900000000000e+000 -2.118008018995090e+000
1.544950000000000e+000 2.668306183499946e+001
1.545000000000000e+000 6.129002627168624e+001
1.545050000000000e+000 7.090565491358991e+001
1.545100000000000e+000 1.378424737516695e+001
1.545150000000000e+000 -5.922249963804058e+001
1.545200000000000e+000 -6.949309866588703e+001
1.545250000000000e+000 -3.696890499682459e+001
1.545300000000000e+000 -6.174606203758271e+000
1.545350000000000e+000 2.151175843408473e+001
1.545400000000000e+000 5.415329129538164e+001
1.545450000000000e+000 6.967385589725200e+001
1.545500000000000e+000 2.502038142898828e+001
1.545550000000000e+000 -4.772424848289581e+001
1.545600000000000e+000 -6.866470115279275e+001
1.545650000000000e+000 -4.127808376994102e+001
1.545700000000000e+000 -1.020048074353055e+001
1.545750000000000e+000 1.704388489394764e+001
1.545800000000000e+000 4.809190053724696e+001
1.545850000000000e+000 6.711476082982431e+001
1.545900000000000e+000 3.254120132052161e+001
1.545950000000000e+000 -3.758195173660225e+001
1.546000000000000e+000 -6.653935923090518e+001
1.546050000000000e+000 -4.462564827282369e+001
1.546100000000000e+000 -1.393990732468329e+001
1.546150000000000e+000 1.281993880605916e+001
1.546200000000000e+000 4.245596202903054e+001
1.546250000000000e+000 6.456101491762169e+001
1.546300000000000e+000 3.976984706313322e+001
1.546350000000000e+000 -2.693629344987100e+001
1.546400000000000e+000 -6.376248564912290e+001
1.546450000000000e+000 -4.799026774452492e+001
1.546500000000000e+000 -1.780660710444118e+001
1.546550000000000e+000 8.710176292593133e+000
1.546600000000000e+000 3.665974871564514e+001
1.546650000000000e+000 5.992120275565781e+001
1.546700000000000e+000 4.411600306706549e+001
1.546750000000000e+000 -1.588796052331923e+001
1.546800000000000e+000 -5.819157295805693e+001
1.546850000000000e+000 -4.978472538330405e+001
1.546900000000000e+000 -2.134230233288670e+001
1.546950000000000e+000 4.997881268524052e+000
1.547000000000000e+000 3.180276416453131e+001
1.547050000000000e+000 5.555432171432444e+001
1.547100000000000e+000 4.645675436411601e+001
1.547150000000000e+000 -7.109223937752419e+000
1.547200000000000e+000 -5.268382292656384e+001
1.547250000000000e+000 -5.073208971218223e+001
1.547300000000000e+000 -2.449050216881179e+001
1.547350000000000e+000 1.448873007860971e+000
1.547400000000000e+000 2.714251967506400e+001
1.547450000000000e+000 5.115179749337914e+001
1.547500000000000e+000 4.838270779814412e+001
1.547550000000000e+000 1.852281966189997e+000
1.547600000000000e+000 -4.621806743061591e+001
1.547650000000000e+000 -5.114006831637733e+001
1.547700000000000e+000 -2.767521830171421e+001
1.547750000000000e+000 -2.126092667646965e+000
1.547800000000000e+000 2.246414914800193e+001
1.547850000000000e+000 4.575872317426750e+001
1.547900000000000e+000 4.786146786980240e+001
1.547950000000000e+000 9.560183501538534e+000
1.548000000000000e+000 -3.805597770530989e+001
1.548050000000000e+000 -4.942526979779165e+001
1.548100000000000e+000 -2.998391424392839e+001
1.548150000000000e+000 -5.253828382814920e+000
1.548200000000000e+000 1.851942885404904e+001
1.548250000000000e+000 4.093689417906774e+001
1.548300000000000e+000 4.596292457644199e+001
1.548350000000000e+000 1.439797670159921e+001
1.548400000000000e+000 -3.105635949807071e+001
1.548450000000000e+000 -4.684003614412348e+001
1.548500000000000e+000 -3.136297946950408e+001
1.548550000000000e+000 -7.901148049315605e+000
1.548600000000000e+000 1.501283056169266e+001
1.548650000000000e+000 3.667499408850701e+001
1.548700000000000e+000 4.416971452075565e+001
1.548750000000000e+000 1.866416183416348e+001
1.548800000000000e+000 -2.435502785507177e+001
1.548850000000000e+000 -4.398613952014175e+001
1.548900000000000e+000 -3.249317875412337e+001
1.548950000000000e+000 -1.044273181844486e+001
1.549000000000000e+000 1.160932773638034e+001
1.549050000000000e+000 3.228216127775786e+001
1.549100000000000e+000 4.137701679437822e+001
1.549150000000000e+000 2.159981782961622e+001
1.549200000000000e+000 -1.763491666727914e+001
1.549250000000000e+000 -3.991517741613701e+001
1.549300000000000e+000 -3.265372252841332e+001
1.549350000000000e+000 -1.254562098491785e+001
1.549400000000000e+000 8.530259346961147e+000
1.549450000000000e+000 2.811631321060098e+001
1.549500000000000e+000 3.795884582636993e+001
1.549550000000000e+000 2.289837037485377e+001
1.549600000000000e+000 -1.190149484507593e+001
1.549650000000000e+000 -3.528189671700589e+001
1.549700000000000e+000 -3.182549984194153e+001
1.549750000000000e+000 -1.401480389665570e+001
1.549800000000000e+000 5.934549051322776e+000
1.549850000000000e+000 2.445979799802372e+001
1.549900000000000e+000 3.455276924977330e+001
1.549950000000000e+000 2.311642228637807e+001
1.550000000000000e+000 -7.421938238600601e+000
1.550050000000000e+000 -3.082201318194569e+001
1.550100000000000e+000 -3.046249475662561e+001
1.550150000000000e+000 -1.504201512082782e+001
1.550200000000000e+000 3.601117022681534e+000
1.550250000000000e+000 2.102423438054981e+001
1.550300000000000e+000 3.117915672295882e+001
1.550350000000000e+000 2.292647322358303e+001
1.550400000000000e+000 -3.347350252428085e+000
1.550450000000000e+000 -2.615087085701024e+001
1.550500000000000e+000 -2.855476649158012e+001
1.550550000000000e+000 -1.568471271629749e+001
1.550600000000000e+000 1.460746316851581e+000
1.550650000000000e+000 1.761226987145348e+001
1.550700000000000e+000 2.733901095468567e+001
1.550750000000000e+000 2.155410899275946e+001
1.550800000000000e+000 -3.095427515685486e-001
1.550850000000000e+000 -2.132305805321117e+001
1.550900000000000e+000 -2.568098755117332e+001
1.550950000000000e+000 -1.544520085868344e+001
1.551000000000000e+000 -4.927817715252846e-002
1.551050000000000e+000 1.475179896166366e+001
1.551100000000000e+000 2.376720813609767e+001
1.551150000000000e+000 1.953253186799108e+001
1.551200000000000e+000 1.307007153641424e+000
1.551250000000000e+000 -1.745883004015249e+001
1.551300000000000e+000 -2.277425198608862e+001
1.551350000000000e+000 -1.475496425728056e+001
1.551400000000000e+000 -1.144944372263110e+000
1.551450000000000e+000 1.230210898564050e+001
1.551500000000000e+000 2.066382989719493e+001
1.551550000000000e+000 1.774321740063229e+001
1.551600000000000e+000 2.665963516555623e+000
1.551650000000000e+000 -1.398158260695369e+001
1.551700000000000e+000 -1.997155540370439e+001
1.551750000000000e+000 -1.398243142975166e+001
1.551800000000000e+000 -2.179070585902485e+000
1.551850000000000e+000 9.870481755232831e+000
1.551900000000000e+000 1.752597831035808e+001
1.551950000000000e+000 1.572663553262820e+001
1.552000000000000e+000 3.630375201207640e+000
1.552050000000000e+000 -1.067738093027046e+001
1.552100000000000e+000 -1.692671103421917e+001
1.552150000000000e+000 -1.281580563949787e+001
1.552200000000000e+000 -2.900122657198025e+000
1.552250000000000e+000 7.686468021948117e+000
1.552300000000000e+000 1.456803061978406e+001
1.552350000000000e+000 1.358073891672646e+001
1.552400000000000e+000 4.022778778788537e+000
1.552450000000000e+000 -7.974310311617491e+000
1.552500000000000e+000 -1.404808911979020e+001
1.552550000000000e+000 -1.144562451910728e+001
1.552600000000000e+000 -3.306070592046959e+000
1.552650000000000e+000 5.872528625594036e+000
1.552700000000000e+000 1.202806533265616e+001
1.552750000000000e+000 1.165270647739441e+001
1.552800000000000e+000 4.138223358165292e+000
1.552850000000000e+000 -5.863950172456931e+000
1.552900000000000e+000 -1.160097727043897e+001
1.552950000000000e+000 -1.017702948975787e+001
1.553000000000000e+000 -3.595022202847394e+000
1.553050000000000e+000 4.342164837928027e+000
1.553100000000000e+000 9.921975638485057e+000
1.553150000000000e+000 1.009460734745294e+001
1.553200000000000e+000 4.239369319197341e+000
1.553250000000000e+000 -4.144714158565458e+000
1.553300000000000e+000 -9.577841151487537e+000
1.553350000000000e+000 -9.133721111855925e+000
1.553400000000000e+000 -3.904977630504906e+000
1.553450000000000e+000 2.976984438043368e+000
1.553500000000000e+000 8.139718836812131e+000
1.553550000000000e+000 8.833463775103510e+000
1.553600000000000e+000 4.343438504556739e+000
1.553650000000000e+000 -2.736746144420418e+000
1.553700000000000e+000 -7.918242399411587e+000
1.553750000000000e+000 -8.291706949197415e+000
1.553800000000000e+000 -4.215977842747594e+000
1.553850000000000e+000 1.796696340778701e+000
1.553900000000000e+000 6.676584237717965e+000
1.553950000000000e+000 7.835630265110122e+000
1.554000000000000e+000 4.404118584824147e+000
1.554050000000000e+000 -1.711564918832036e+000
1.554100000000000e+000 -6.741465978374702e+000
1.554150000000000e+000 -7.792781577025570e+000
1.554200000000000e+000 -4.648055332292827e+000
1.554250000000000e+000 7.196053028823084e-001
1.554300000000000e+000 5.503406270794999e+000
1.554350000000000e+000 7.172061401913696e+000
1.554400000000000e+000 4.622615146777894e+000
1.554450000000000e+000 -8.170026242586392e-001
1.554500000000000e+000 -5.891640443306310e+000
1.554550000000000e+000 -7.653589975642231e+000
1.554600000000000e+000 -5.367274540786391e+000
1.554650000000000e+000 -5.129509608208448e-001
1.554700000000000e+000 4.345703993320508e+000
1.554750000000000e+000 6.678970555936264e+000
1.554800000000000e+000 5.076112320614667e+000
1.554850000000000e+000 2.659136813911837e-001
1.554900000000000e+000 -4.976739047495912e+000
1.554950000000000e+000 -7.611947357912067e+000
1.555000000000000e+000 -6.344759795614069e+000
1.555050000000000e+000 -2.099206374510505e+000
1.555100000000000e+000 2.863340720863721e+000
1.555150000000000e+000 6.036643450775319e+000
1.555200000000000e+000 5.668668296916322e+000
1.555250000000000e+000 1.778802031071596e+000
1.555300000000000e+000 -3.506632813851520e+000
1.555350000000000e+000 -7.162189316135795e+000
1.555400000000000e+000 -7.268385344728668e+000
1.555450000000000e+000 -4.012722246496788e+000
1.555500000000000e+000 8.081379938564661e-001
1.555550000000000e+000 4.816998407934602e+000
1.555600000000000e+000 5.978786359261063e+000
1.555650000000000e+000 3.535082044844307e+000
1.555700000000000e+000 -1.313319329567586e+000
1.555750000000000e+000 -5.880793854088261e+000
1.555800000000000e+000 -7.698281683508337e+000
1.555850000000000e+000 -6.004412721152995e+000
1.555900000000000e+000 -1.858543484910719e+000
1.555950000000000e+000 2.692558672073856e+000
1.556000000000000e+000 5.498165265851742e+000
1.556050000000000e+000 5.098452392271284e+000
1.556100000000000e+000 1.536594347427060e+000
1.556150000000000e+000 -3.371374236492935e+000
1.556200000000000e+000 -6.997010461513066e+000
1.556250000000000e+000 -7.548246346047002e+000
1.556300000000000e+000 -4.979089670996276e+000
1.556350000000000e+000 -6.642634779558442e-001
1.556400000000000e+000 3.425543925031022e+000
1.556450000000000e+000 5.436404011924866e+000
1.556500000000000e+000 4.312768713036070e+000
1.556550000000000e+000 4.622734131524963e-001
1.556600000000000e+000 -4.203772874300641e+000
1.556650000000000e+000 -7.314153482281138e+000
1.556700000000000e+000 -7.461756583545776e+000
1.556750000000000e+000 -4.811412293795063e+000
1.556800000000000e+000 -6.869856365286299e-001
1.556850000000000e+000 3.149414962323248e+000
1.556900000000000e+000 5.070482404752842e+000
1.556950000000000e+000 4.133119489162375e+000
1.557000000000000e+000 6.397721280816520e-001
1.557050000000000e+000 -3.781998353192519e+000
1.557100000000000e+000 -7.005846484713087e+000
1.557150000000000e+000 -7.633203255455344e+000
1.557200000000000e+000 -5.611254920939301e+000
1.557250000000000e+000 -1.959761961194427e+000
1.557300000000000e+000 1.838258217995470e+000
1.557350000000000e+000 4.317423512922693e+000
1.557400000000000e+000 4.432288205718064e+000
1.557450000000000e+000 2.020979237262646e+000
1.557500000000000e+000 -1.921973862296048e+000
1.557550000000000e+000 -5.621030384707290e+000
1.557600000000000e+000 -7.478078930730383e+000
1.557650000000000e+000 -6.875857017720836e+000
1.557700000000000e+000 -4.264216078239604e+000
1.557750000000000e+000 -7.281489046995040e-001
1.557800000000000e+000 2.467426513923568e+000
1.557850000000000e+000 4.187002648602166e+000
1.557900000000000e+000 3.729367896363505e+000
1.557950000000000e+000 1.179011725597038e+000
1.558000000000000e+000 -2.463141810378200e+000
1.558050000000000e+000 -5.679393009850141e+000
1.558100000000000e+000 -7.209529822393831e+000
1.558150000000000e+000 -6.618503623037918e+000
1.558200000000000e+000 -4.304874511598159e+000
1.558250000000000e+000 -1.149380355695480e+000
1.558300000000000e+000 1.828817247114542e+000
1.558350000000000e+000 3.689666621359284e+000
1.558400000000000e+000 3.774869834362658e+000
1.558450000000000e+000 1.971281537842490e+000
1.558500000000000e+000 -1.111315167086671e+000
1.558550000000000e+000 -4.307781657607186e+000
1.558600000000000e+000 -6.430949110677841e+000
1.558650000000000e+000 -6.814826814698471e+000
1.558700000000000e+000 -5.495046796359697e+000
1.558750000000000e+000 -3.021501516825551e+000
1.558800000000000e+000 -1.679269889830700e-001
1.558850000000000e+000 2.269392721675382e+000
1.558900000000000e+000 3.595932255650465e+000
1.558950000000000e+000 3.367670126495613e+000
1.559000000000000e+000 1.586301475973408e+000
1.559050000000000e+000 -1.192358165977765e+000
1.559100000000000e+000 -4.013704253407083e+000
1.559150000000000e+000 -5.930806345318903e+000
1.559200000000000e+000 -6.401677255629087e+000
1.559250000000000e+000 -5.422642224224632e+000
1.559300000000000e+000 -3.394958323981322e+000
1.559350000000000e+000 -9.081609151966964e-001
1.559400000000000e+000 1.414526845847681e+000
1.559450000000000e+000 3.000529635641957e+000
1.559500000000000e+000 3.412427331018189e+000
1.559550000000000e+000 2.478585717223065e+000
1.559600000000000e+000 4.210546713419136e-001
1.559650000000000e+000 -2.145742283909412e+000
1.559700000000000e+000 -4.422889966098687e+000
1.559750000000000e+000 -5.748733716367938e+000
1.559800000000000e+000 -5.830504384723112e+000
1.559850000000000e+000 -4.766387616149333e+000
1.559900000000000e+000 -2.914233786513788e+000
1.559950000000000e+000 -7.393637182315086e-001
1.560000000000000e+000 1.281359264436080e+000
1.560050000000000e+000 2.708871524737258e+000
1.560100000000000e+000 3.195116474330103e+000
1.560150000000000e+000 2.572507995060213e+000
1.560200000000000e+000 9.533153309806137e-001
1.560250000000000e+000 -1.242969055979226e+000
1.560300000000000e+000 -3.403003875885153e+000
1.560350000000000e+000 -4.942343605108317e+000
1.560400000000000e+000 -5.509313424647647e+000
1.560450000000000e+000 -5.057519688097904e+000
1.560500000000000e+000 -3.784223232499916e+000
1.560550000000000e+000 -2.015937452980436e+000
1.560600000000000e+000 -1.174497929512648e-001
1.560650000000000e+000 1.554534045838570e+000
1.560700000000000e+000 2.676428452771173e+000
1.560750000000000e+000 2.995922041545135e+000
1.560800000000000e+000 2.398572784160089e+000
1.560850000000000e+000 9.795225945691946e-001
1.560900000000000e+000 -9.362507580197352e-001
1.560950000000000e+000 -2.871413888841246e+000
1.561000000000000e+000 -4.353497995564392e+000
1.561050000000000e+000 -5.068540166513473e+000
1.561100000000000e+000 -4.930014290071487e+000
1.561150000000000e+000 -4.049104878698115e+000
1.561200000000000e+000 -2.654623145564895e+000
1.561250000000000e+000 -1.019281200052534e+000
1.561300000000000e+000 5.820762888228368e-001
1.561350000000000e+000 1.889473959458274e+000
1.561400000000000e+000 2.672324873875535e+000
1.561450000000000e+000 2.760917981498248e+000
1.561500000000000e+000 2.097523141793989e+000
1.561550000000000e+000 7.849403027979717e-001
1.561600000000000e+000 -9.066580428616898e-001
1.561650000000000e+000 -2.601314525442080e+000
1.561700000000000e+000 -3.930736077211552e+000
1.561750000000000e+000 -4.643299399918860e+000
1.561800000000000e+000 -4.655329490892936e+000
1.561850000000000e+000 -4.033943457775138e+000
1.561900000000000e+000 -2.941459980903045e+000
1.561950000000000e+000 -1.579930390517244e+000
1.562000000000000e+000 -1.567852042415185e-001
1.562050000000000e+000 1.128865075974303e+000
1.562100000000000e+000 2.091867366532618e+000
1.562150000000000e+000 2.573031907687112e+000
1.562200000000000e+000 2.465981688077688e+000
1.562250000000000e+000 1.755042032931795e+000
1.562300000000000e+000 5.456038636067074e-001
1.562350000000000e+000 -9.385483564748011e-001
1.562400000000000e+000 -2.404381157354896e+000
1.562450000000000e+000 -3.570416414966877e+000
1.562500000000000e+000 -4.241758277223765e+000
1.562550000000000e+000 -4.345847755276235e+000
1.562600000000000e+000 -3.922114464645597e+000
1.562650000000000e+000 -3.084080769686681e+000
1.562700000000000e+000 -1.979076082397513e+000
1.562750000000000e+000 -7.611027310906365e-001
1.562800000000000e+000 4.209228606743240e-001
1.562850000000000e+000 1.425933930942944e+000
1.562900000000000e+000 2.123582652856373e+000
1.562950000000000e+000 2.404840925793797e+000
1.563000000000000e+000 2.203161981810838e+000
1.563050000000000e+000 1.521221931912951e+000
1.563100000000000e+000 4.499802233806312e-001
1.563150000000000e+000 -8.357980755162441e-001
1.563200000000000e+000 -2.112693410032096e+000
1.563250000000000e+000 -3.164248529885072e+000
1.563300000000000e+000 -3.833405462224522e+000
1.563350000000000e+000 -4.050098964761732e+000
1.563400000000000e+000 -3.827948024358849e+000
1.563450000000000e+000 -3.240126587096059e+000
1.563500000000000e+000 -2.390444104445703e+000
1.563550000000000e+000 -1.391355545270312e+000
1.563600000000000e+000 -3.526520030185797e-001
1.563650000000000e+000 6.214998610203867e-001
1.563700000000000e+000 1.432202124460422e+000
1.563750000000000e+000 1.987408168789179e+000
1.563800000000000e+000 2.209370685377840e+000
1.563850000000000e+000 2.049080232801449e+000
1.563900000000000e+000 1.504465566830562e+000
1.563950000000000e+000 6.344399970257253e-001
1.564000000000000e+000 -4.409920022649213e-001
1.564050000000000e+000 -1.560204055707300e+000
1.564100000000000e+000 -2.555037805618444e+000
1.564150000000000e+000 -3.288448347013986e+000
1.564200000000000e+000 -3.679996080077942e+000
1.564250000000000e+000 -3.711626062290545e+000
1.564300000000000e+000 -3.416429348586337e+000
1.564350000000000e+000 -2.859416748697962e+000
1.564400000000000e+000 -2.119306331584670e+000
1.564450000000000e+000 -1.276347537426544e+000
1.564500000000000e+000 -4.068937439775681e-001
1.564550000000000e+000 4.172457654651144e-001
1.564600000000000e+000 1.127617056801764e+000
1.564650000000000e+000 1.658982745216560e+000
1.564700000000000e+000 1.952508944262006e+000
1.564750000000000e+000 1.963378940003387e+000
1.564800000000000e+000 1.671985232958082e+000
1.564850000000000e+000 1.095317342683051e+000
1.564900000000000e+000 2.931465651544374e-001
1.564950000000000e+000 -6.361245909173701e-001
1.565000000000000e+000 -1.571494544018761e+000
1.565050000000000e+000 -2.393206628793573e+000
1.565100000000000e+000 -3.006134800063436e+000
1.565150000000000e+000 -3.354653876340642e+000
1.565200000000000e+000 -3.425396645657472e+000
1.565250000000000e+000 -3.239833936749640e+000
1.565300000000000e+000 -2.841898674012982e+000
1.565350000000000e+000 -2.285878326074740e+000
1.565400000000000e+000 -1.627727101364879e+000
1.565450000000000e+000 -9.205883054345102e-001
1.565500000000000e+000 -2.137309714213900e-001
1.565550000000000e+000 4.465658757839955e-001
1.565600000000000e+000 1.015729368909849e+000
1.565650000000000e+000 1.450581491094835e+000
1.565700000000000e+000 1.711065239666916e+000
1.565750000000000e+000 1.764557532868806e+000
1.565800000000000e+000 1.592451555918284e+000
1.565850000000000e+000 1.197490054710498e+000
1.565900000000000e+000 6.091837781128057e-001
1.565950000000000e+000 -1.156934473548027e-001
1.566000000000000e+000 -8.993988108877131e-001
1.566050000000000e+000 -1.655629527706668e+000
1.566100000000000e+000 -2.304618501099092e+000
1.566150000000000e+000 -2.786171501842181e+000
1.566200000000000e+000 -3.066882732252081e+000
1.566250000000000e+000 -3.140393732467891e+000
1.566300000000000e+000 -3.022220678550105e+000
1.566350000000000e+000 -2.742051466072351e+000
1.566400000000000e+000 -2.336260724274544e+000
1.566450000000000e+000 -1.842327971252321e+000
1.566500000000000e+000 -1.295666643163190e+000
1.566550000000000e+000 -7.285551621295208e-001
1.566600000000000e+000 -1.704888044740659e-001
1.566650000000000e+000 3.507938646452966e-001
1.566700000000000e+000 8.082848038858883e-001
1.566750000000000e+000 1.175254019787580e+000
1.566800000000000e+000 1.425833489493617e+000
1.566850000000000e+000 1.536933470049081e+000
1.566900000000000e+000 1.491492394026035e+000
1.566950000000000e+000 1.282602848456727e+000
1.567000000000000e+000 9.175079450266155e-001
1.567050000000000e+000 4.200506604616302e-001
1.567100000000000e+000 -1.698023013845527e-001
1.567150000000000e+000 -8.000456965122008e-001
1.567200000000000e+000 -1.413797768328560e+000
1.567250000000000e+000 -1.957794486074021e+000
1.567300000000000e+000 -2.389905661573520e+000
1.567350000000000e+000 -2.683767973440124e+000
1.567400000000000e+000 -2.829770166875162e+000
1.567450000000000e+000 -2.832880964596597e+000
1.567500000000000e+000 -2.708609386406048e+000
1.567550000000000e+000 -2.478525525914754e+000
1.567600000000000e+000 -2.166411198592274e+000
1.567650000000000e+000 -1.795570955804495e+000
1.567700000000000e+000 -1.387370278574924e+000
1.567750000000000e+000 -9.607881304301095e-001
1.567800000000000e+000 -5.326645110264626e-001
1.567850000000000e+000 -1.183261537960553e-001
1.567900000000000e+000 2.676795633503417e-001
1.567950000000000e+000 6.109629797522727e-001
1.568000000000000e+000 8.969670891516067e-001
1.568050000000000e+000 1.111095363240054e+000
1.568100000000000e+000 1.239409959334394e+000
1.568150000000000e+000 1.269943098993751e+000
1.568200000000000e+000 1.194534615485255e+000
1.568250000000000e+000 1.010926796105954e+000
1.568300000000000e+000 7.246547195855689e-001
1.568350000000000e+000 3.501479884748657e-001
1.568400000000000e+000 -8.949601097884773e-002
1.568450000000000e+000 -5.643418295147296e-001
1.568500000000000e+000 -1.040881312490693e+000
1.568550000000000e+000 -1.486104859467966e+000
1.568600000000000e+000 -1.871467929937920e+000
1.568650000000000e+000 -2.175877021084646e+000
1.568700000000000e+000 -2.387152556172897e+000
1.568750000000000e+000 -2.501899472419042e+000
1.568800000000000e+000 -2.524128663193024e+000
1.568850000000000e+000 -2.463188727449022e+000
1.568900000000000e+000 -2.331567299589032e+000
1.568950000000000e+000 -2.142973763374579e+000
1.569000000000000e+000 -1.910918021351217e+000
1.569050000000000e+000 -1.647828952748704e+000
1.569100000000000e+000 -1.364646145345575e+000
1.569150000000000e+000 -1.070769497341024e+000
1.569200000000000e+000 -7.742454224999715e-001
1.569250000000000e+000 -4.820847795367376e-001
1.569300000000000e+000 -2.006306227775178e-001
1.569350000000000e+000 6.408541533404129e-002
1.569400000000000e+000 3.060447940019344e-001
1.569450000000000e+000 5.190405314953978e-001
1.569500000000000e+000 6.966075207022872e-001
1.569550000000000e+000 8.321165441856532e-001
1.569600000000000e+000 9.190567425729537e-001
1.569650000000000e+000 9.515161921232966e-001
1.569700000000000e+000 9.248433906917916e-001
1.569750000000000e+000 8.364313378192401e-001
1.569800000000000e+000 6.865145656029227e-001
1.569850000000000e+000 4.788233132040881e-001
1.569900000000000e+000 2.209208273261764e-001
1.569950000000000e+000 -7.592250196450881e-002
1.570000000000000e+000 -3.973871749316567e-001
1.570050000000000e+000 -7.272508032540073e-001
1.570100000000000e+000 -1.048860439486949e+000
1.570150000000000e+000 -1.346684923331247e+000
1.570200000000000e+000 -1.607681626785595e+000
1.570250000000000e+000 -1.822261138811388e+000
1.570300000000000e+000 -1.984729418931611e+000
1.570350000000000e+000 -2.093200489686735e+000
1.570400000000000e+000 -2.149079166436728e+000
1.570450000000000e+000 -2.156285239004443e+000
1.570500000000000e+000 -2.120402164658997e+000
1.570550000000000e+000 -2.047888980712415e+000
1.570600000000000e+000 -1.945430594940910e+000
1.570650000000000e+000 -1.819451768267531e+000
1.570700000000000e+000 -1.675792466848016e+000
1.570750000000000e+000 -1.519532798301241e+000
1.570800000000000e+000 -1.354955539097634e+000
1.570850000000000e+000 -1.185624173453929e+000
1.570900000000000e+000 -1.014522020956222e+000
1.570950000000000e+000 -8.441756274430461e-001
1.571000000000000e+000 -6.767235921537685e-001
1.571050000000000e+000 -5.139647045700212e-001
1.571100000000000e+000 -3.574371583760033e-001
1.571150000000000e+000 -2.085272491353160e-001
1.571200000000000e+000 -6.855767216615272e-002
1.571250000000000e+000 6.118546065686522e-002
1.571300000000000e+000 1.794701252708528e-001
1.571350000000000e+000 2.850894629462489e-001
1.571400000000000e+000 3.766840188549752e-001
1.571450000000000e+000 4.524636725100272e-001
1.571500000000000e+000 5.100888721146808e-001
1.571550000000000e+000 5.469151746926639e-001
1.571600000000000e+000 5.604569157295809e-001
1.571650000000000e+000 5.487548082240173e-001
1.571700000000000e+000 5.105712904234213e-001
1.571750000000000e+000 4.456158066062212e-001
1.571800000000000e+000 3.549491536820639e-001
1.571850000000000e+000 2.413444561206956e-001
1.571900000000000e+000 1.090102292902793e-001
1.571950000000000e+000 -3.765762867642823e-002
1.572000000000000e+000 -1.954852552092317e-001
1.572050000000000e+000 -3.626226988796332e-001
1.572100000000000e+000 -5.371680323068397e-001
1.572150000000000e+000 -7.158610830076106e-001
1.572200000000000e+000 -8.939616550505666e-001
1.572250000000000e+000 -1.065679197673164e+000
1.572300000000000e+000 -1.224096992080820e+000
1.572350000000000e+000 -1.360938725864614e+000
1.572400000000000e+000 -1.468055038830062e+000
1.572450000000000e+000 -1.541561863856674e+000
1.572500000000000e+000 -1.585550100230263e+000
1.572550000000000e+000 -1.610558510555129e+000
1.572600000000000e+000 -1.627326303407572e+000
1.572650000000000e+000 -1.641877959586123e+000
1.572700000000000e+000 -1.655102638967492e+000
1.572750000000000e+000 -1.663835476111243e+000
1.572800000000000e+000 -1.660350871010237e+000
1.572850000000000e+000 -1.632494605690946e+000
1.572900000000000e+000 -1.569763938228283e+000
1.572950000000000e+000 -1.474465060851447e+000
1.573000000000000e+000 -1.366301840638479e+000
1.573050000000000e+000 -1.271927847239150e+000
1.573100000000000e+000 -1.209191483315153e+000
1.573150000000000e+000 -1.181110483947056e+000
1.573200000000000e+000 -1.178969561440703e+000
1.573250000000000e+000 -1.184034870973509e+000
1.573300000000000e+000 -1.166927155101995e+000
1.573350000000000e+000 -1.096677347389671e+000
1.573400000000000e+000 -9.648863734494626e-001
1.573450000000000e+000 -8.034893997138900e-001
1.573500000000000e+000 -6.688963464697544e-001
1.573550000000000e+000 -6.046195055173609e-001
1.573600000000000e+000 -6.207485615350423e-001
1.573650000000000e+000 -6.984630941473583e-001
1.573700000000000e+000 -7.959810096864072e-001
1.573750000000000e+000 -8.485644958674590e-001
1.573800000000000e+000 -7.880117664582678e-001
1.573850000000000e+000 -5.956566851017898e-001
1.573900000000000e+000 -3.412627448624160e-001
1.573950000000000e+000 -1.463130191524959e-001
1.574000000000000e+000 -1.007321580082949e-001
1.574050000000000e+000 -2.196703148007259e-001
1.574100000000000e+000 -4.550723517515189e-001
1.574150000000000e+000 -7.089974834774852e-001
1.574200000000000e+000 -8.395788289220310e-001
1.574250000000000e+000 -7.175079809180809e-001
1.574300000000000e+000 -3.427070592429060e-001
1.574350000000000e+000 1.033138656904578e-001
1.574400000000000e+000 3.723724366510327e-001
1.574450000000000e+000 3.198183738224467e-001
1.574500000000000e+000 -3.966309784274583e-002
1.574550000000000e+000 -5.704605983005358e-001
1.574600000000000e+000 -1.040753329837866e+000
1.574650000000000e+000 -1.162292849145087e+000
1.574700000000000e+000 -7.579822763848600e-001
1.574750000000000e+000 2.347463169079226e-002
1.574800000000000e+000 7.364895911956294e-001
1.574850000000000e+000 9.594431994813504e-001
1.574900000000000e+000 5.601553811556532e-001
1.574950000000000e+000 -3.049135926399420e-001
1.575000000000000e+000 -1.283091509804261e+000
1.575050000000000e+000 -1.877601185591347e+000
1.575100000000000e+000 -1.627549837636763e+000
1.575150000000000e+000 -5.031140746582329e-001
1.575200000000000e+000 8.889479262060497e-001
1.575250000000000e+000 1.698158789189755e+000
1.575300000000000e+000 1.450887451509897e+000
1.575350000000000e+000 2.497224489365610e-001
1.575400000000000e+000 -1.402201291497293e+000
1.575450000000000e+000 -2.743748784101201e+000
1.575500000000000e+000 -2.929991415243555e+000
1.575550000000000e+000 -1.570877196295406e+000
1.575600000000000e+000 6.961022681009988e-001
1.575650000000000e+000 2.485879177363360e+000
1.575700000000000e+000 2.724891441337855e+000
1.575750000000000e+000 1.302800312029972e+000
1.575800000000000e+000 -1.125937955282512e+000
1.575850000000000e+000 -3.491494171381031e+000
1.575900000000000e+000 -4.499089088379926e+000
1.575950000000000e+000 -3.207547679256002e+000
1.576000000000000e+000 -3.114149659114870e-002
1.576050000000000e+000 3.132053828916205e+000
1.576100000000000e+000 4.327600439478443e+000
1.576150000000000e+000 2.959945111616951e+000
1.576200000000000e+000 -2.287395333485217e-001
1.576250000000000e+000 -3.834947964128451e+000
1.576300000000000e+000 -6.096484397151641e+000
1.576350000000000e+000 -5.366079594574742e+000
1.576400000000000e+000 -1.474512401501678e+000
1.576450000000000e+000 3.376218766869215e+000
1.576500000000000e+000 6.106134441618650e+000
1.576550000000000e+000 5.239735044334481e+000
1.576600000000000e+000 1.453896729727064e+000
1.576650000000000e+000 -3.506168681549614e+000
1.576700000000000e+000 -7.450584890969715e+000
1.576750000000000e+000 -7.969677884201329e+000
1.576800000000000e+000 -3.882090759532765e+000
1.576850000000000e+000 2.790167048465245e+000
1.576900000000000e+000 7.729044736865861e+000
1.576950000000000e+000 8.029693027656000e+000
1.577000000000000e+000 4.002563530643938e+000
1.577050000000000e+000 -2.247036664308244e+000
1.577100000000000e+000 -8.150628824008143e+000
1.577150000000000e+000 -1.065963036919266e+001
1.577200000000000e+000 -7.265483606529296e+000
1.577250000000000e+000 9.628589877454782e-001
1.577300000000000e+000 8.718505896181233e+000
1.577350000000000e+000 1.104592118856954e+001
1.577400000000000e+000 7.333043500358672e+000
1.577450000000000e+000 3.033052427610207e-002
1.577500000000000e+000 -7.889200387986186e+000
1.577550000000000e+000 -1.299808688930165e+001
1.577600000000000e+000 -1.143777679760425e+001
1.577650000000000e+000 -2.416011204599916e+000
1.577700000000000e+000 8.564987996248611e+000
1.577750000000000e+000 1.398217797825243e+001
1.577800000000000e+000 1.138919720917444e+001
1.577850000000000e+000 3.439425422924980e+000
1.577900000000000e+000 -6.307881679443907e+000
1.577950000000000e+000 -1.433787440821950e+001
1.578000000000000e+000 -1.589615238895908e+001
1.578050000000000e+000 -7.607221659193624e+000
1.578100000000000e+000 6.403858398997819e+000
1.578150000000000e+000 1.611097232941301e+001
1.578200000000000e+000 1.586098109519306e+001
1.578250000000000e+000 7.907355965947792e+000
1.578300000000000e+000 -3.248376474250472e+000
1.578350000000000e+000 -1.399916944846093e+001
1.578400000000000e+000 -1.951791325683768e+001
1.578450000000000e+000 -1.398425202799233e+001
1.578500000000000e+000 1.749757834637970e+000
1.578550000000000e+000 1.651735695850091e+001
1.578600000000000e+000 2.016941418685816e+001
1.578650000000000e+000 1.314993041690311e+001
1.578700000000000e+000 1.100028943859547e+000
1.578750000000000e+000 -1.183567437226047e+001
1.578800000000000e+000 -2.143762956149478e+001
1.578850000000000e+000 -2.053059503179049e+001
1.578900000000000e+000 -5.395776698798652e+000
1.578950000000000e+000 1.434504942353841e+001
1.579000000000000e+000 2.366115641484231e+001
1.579050000000000e+000 1.893739265822579e+001
1.579100000000000e+000 6.560986059907352e+000
1.579150000000000e+000 -7.965511719240916e+000
1.579200000000000e+000 -2.114533409974577e+001
1.579250000000000e+000 -2.607382100066920e+001
1.579300000000000e+000 -1.453672708803769e+001
1.579350000000000e+000 8.803373604549289e+000
1.579400000000000e+000 2.546683268156927e+001
1.579450000000000e+000 2.505319012708008e+001
1.579500000000000e+000 1.315010510489814e+001
1.579550000000000e+000 -2.412803421874047e+000
1.579600000000000e+000 -1.819138972950730e+001
1.579650000000000e+000 -2.914477957996150e+001
1.579700000000000e+000 -2.458827194197878e+001
1.579750000000000e+000 -1.170074631533376e+000
1.579800000000000e+000 2.365027120986101e+001
1.579850000000000e+000 3.058828641796202e+001
1.579900000000000e+000 2.070445866291045e+001
1.579950000000000e+000 4.549924219722270e+000
1.580000000000000e+000 -1.274441631140797e+001
1.580050000000000e+000 -2.827847611819575e+001
1.580100000000000e+000 -3.241802505987241e+001
1.580150000000000e+000 -1.418525641934322e+001
1.580200000000000e+000 1.652121416701153e+001
1.580250000000000e+000 3.361069942676780e+001
1.580300000000000e+000 2.851018591892180e+001
1.580350000000000e+000 1.247348664358835e+001
1.580400000000000e+000 -5.737908504040836e+000
1.580450000000000e+000 -2.402761463179078e+001
1.580500000000000e+000 -3.626089076917884e+001
1.580550000000000e+000 -2.764894724820509e+001
1.580600000000000e+000 3.989960343698026e+000
1.580650000000000e+000 3.244670198891649e+001
1.580700000000000e+000 3.590280814599830e+001
1.580750000000000e+000 2.138103378135026e+001
1.580800000000000e+000 2.471356440309874e+000
1.580850000000000e+000 -1.707806049530205e+001
1.580900000000000e+000 -3.504903447176970e+001
1.580950000000000e+000 -3.843118138359559e+001
1.581000000000000e+000 -1.316017536977522e+001
1.581050000000000e+000 2.451636853562131e+001
1.581100000000000e+000 4.097699716497689e+001
1.581150000000000e+000 3.109734713330157e+001
1.581200000000000e+000 1.173310859828294e+001
1.581250000000000e+000 -8.474466272542868e+000
1.581300000000000e+000 -2.922226508432005e+001
1.581350000000000e+000 -4.330131285384586e+001
1.581400000000000e+000 -3.107011051042021e+001
1.581450000000000e+000 8.776325536951344e+000
1.581500000000000e+000 4.068559987106180e+001
1.581550000000000e+000 4.067860343668023e+001
1.581600000000000e+000 2.213642789305820e+001
1.581650000000000e+000 1.152938012482230e+000
1.581700000000000e+000 -2.028111767776289e+001
1.581750000000000e+000 -4.099058744860654e+001
1.581800000000000e+000 -4.466896926324164e+001
1.581850000000000e+000 -1.323397233620937e+001
1.581900000000000e+000 3.133087991011516e+001
1.581950000000000e+000 4.759338344317229e+001
1.582000000000000e+000 3.364862828593981e+001
1.582050000000000e+000 1.166867801736442e+001
1.582100000000000e+000 -1.001784473343447e+001
1.582150000000000e+000 -3.305107739662593e+001
1.582200000000000e+000 -4.979599414798648e+001
1.582250000000000e+000 -3.550721563627121e+001
1.582300000000000e+000 1.183986077946654e+001
1.582350000000000e+000 4.779006361433736e+001
1.582400000000000e+000 4.526389059426003e+001
1.582450000000000e+000 2.342662049146685e+001
1.582500000000000e+000 8.770780733686212e-001
1.582550000000000e+000 -2.204553650271695e+001
1.582600000000000e+000 -4.575524956857257e+001
1.582650000000000e+000 -5.140021332897931e+001
1.582700000000000e+000 -1.540259611098256e+001
1.582750000000000e+000 3.648685978914612e+001
1.582800000000000e+000 5.395284909231952e+001
1.582850000000000e+000 3.677477931368355e+001
1.582900000000000e+000 1.257997914422992e+001
1.582950000000000e+000 -1.016601526472477e+001
1.583000000000000e+000 -3.517696247085535e+001
1.583050000000000e+000 -5.573792703050929e+001
1.583100000000000e+000 -4.206913435527658e+001
1.583150000000000e+000 1.191849682430316e+001
1.583200000000000e+000 5.385730621209969e+001
1.583250000000000e+000 5.051249161452127e+001
1.583300000000000e+000 2.578374758903778e+001
1.583350000000000e+000 1.859832554234573e+000
1.583400000000000e+000 -2.207265387173193e+001
1.583450000000000e+000 -4.875031254187870e+001
1.583500000000000e+000 -5.860065712074756e+001
1.583550000000000e+000 -2.087899303073457e+001
1.583600000000000e+000 3.896571977677881e+001
1.583650000000000e+000 6.021404944765836e+001
1.583700000000000e+000 4.091401990060677e+001
1.583750000000000e+000 1.455059369343354e+001
1.583800000000000e+000 -9.063267824402844e+000
1.583850000000000e+000 -3.558022566629485e+001
1.583900000000000e+000 -6.062603478540779e+001
1.583950000000000e+000 -5.030954474124090e+001
1.584000000000000e+000 8.967193508962703e+000
1.584050000000000e+000 5.886817873648328e+001
1.584100000000000e+000 5.650787326005887e+001
1.584150000000000e+000 2.907118892566561e+001
1.584200000000000e+000 3.757437089221983e+000
1.584250000000000e+000 -2.081501944592511e+001
1.584300000000000e+000 -5.024786674858186e+001
1.584350000000000e+000 -6.625198988245367e+001
1.584400000000000e+000 -2.951755040868371e+001
1.584450000000000e+000 3.923521445581387e+001
1.584500000000000e+000 6.703349092299160e+001
1.584550000000000e+000 4.635175999735048e+001
1.584600000000000e+000 1.751281281497736e+001
1.584650000000000e+000 -6.789582318633968e+000
1.584700000000000e+000 -3.399732278773306e+001
1.584750000000000e+000 -6.379027955383631e+001
1.584800000000000e+000 -6.059107182293631e+001
1.584850000000000e+000 1.187130696563454e+000
1.584900000000000e+000 6.189808862326151e+001
1.584950000000000e+000 6.373837232394946e+001
1.585000000000000e+000 3.382257792036545e+001
1.585050000000000e+000 6.827056580280070e+000
1.585100000000000e+000 -1.783577138761730e+001
1.585150000000000e+000 -4.865318122492050e+001
1.585200000000000e+000 -7.211537923540826e+001
1.585250000000000e+000 -4.186485650537380e+001
1.585300000000000e+000 3.397695625106737e+001
1.585350000000000e+000 7.255009028999986e+001
1.585400000000000e+000 5.327051393467226e+001
1.585450000000000e+000 2.182076035923090e+001
1.585500000000000e+000 -3.296287851720619e+000
1.585550000000000e+000 -3.034686534122554e+001
1.585600000000000e+000 -6.394139528156928e+001
1.585650000000000e+000 -7.114673466122400e+001
1.585700000000000e+000 -1.181117808674748e+001
1.585750000000000e+000 6.140698308648643e+001
1.585800000000000e+000 7.182079513678298e+001
1.585850000000000e+000 4.026949791680467e+001
1.585900000000000e+000 1.103882264096601e+001
1.585950000000000e+000 -1.363014152076015e+001
1.586000000000000e+000 -4.486066374407299e+001
1.586050000000000e+000 -7.663132412354445e+001
1.586100000000000e+000 -5.783484219321741e+001
1.586150000000000e+000 2.344617179668432e+001
1.586200000000000e+000 7.771295255646243e+001
1.586250000000000e+000 6.264097014936298e+001
1.586300000000000e+000 2.765194692755579e+001
1.586350000000000e+000 1.093567832549845e+000
1.586400000000000e+000 -2.526834330223115e+001
1.586450000000000e+000 -6.111705512481406e+001
1.586500000000000e+000 -8.105351696467903e+001
1.586550000000000e+000 -3.016330719682910e+001
1.586600000000000e+000 5.622192963777224e+001
1.586650000000000e+000 8.061057157803148e+001
1.586700000000000e+000 4.875861882948651e+001
1.586750000000000e+000 1.620028043421145e+001
1.586800000000000e+000 -8.775116826824359e+000
1.586850000000000e+000 -3.897256653554744e+001
1.586900000000000e+000 -7.669022191453712e+001
1.586950000000000e+000 -7.325041055973462e+001
1.587000000000000e+000 6.599075666216583e+000
1.587050000000000e+000 7.873554365275243e+001
1.587100000000000e+000 7.293436857552342e+001
1.587150000000000e+000 3.485862829424046e+001
1.587200000000000e+000 6.201255658992952e+000
1.587250000000000e+000 -1.913466086726143e+001
1.587300000000000e+000 -5.450955781825558e+001
1.587350000000000e+000 -8.658236697332997e+001
1.587400000000000e+000 -5.191818618604192e+001
1.587450000000000e+000 4.304565056071031e+001
1.587500000000000e+000 8.748955778210005e+001
1.587550000000000e+000 5.961619568429414e+001
1.587600000000000e+000 2.298255796610736e+001
1.587650000000000e+000 -2.803203456457599e+000
1.587700000000000e+000 -3.085980265506080e+001
1.587750000000000e+000 -7.165620112869061e+001
1.587800000000000e+000 -8.812451626904391e+001
1.587850000000000e+000 -1.966789377780444e+001
1.587900000000000e+000 7.320879137825398e+001
1.587950000000000e+000 8.545309328891563e+001
1.588000000000000e+000 4.533074030414304e+001
1.588050000000000e+000 1.276714979681340e+001
1.588100000000000e+000 -1.207040061490358e+001
1.588150000000000e+000 -4.506422873296388e+001
1.588200000000000e+000 -8.709243462842736e+001
1.588250000000000e+000 -7.601475556292431e+001
1.588300000000000e+000 1.977888989293688e+001
1.588350000000000e+000 9.113022982619417e+001
1.588400000000000e+000 7.392759748780269e+001
1.588450000000000e+000 3.183287473315157e+001
1.588500000000000e+000 3.541621745021883e+000
1.588550000000000e+000 -2.255512751406467e+001
1.588600000000000e+000 -6.204043171860849e+001
1.588650000000000e+000 -9.570455727841571e+001
1.588700000000000e+000 -4.875801137841966e+001
1.588750000000000e+000 5.779176096154403e+001
1.588800000000000e+000 9.531675204273670e+001
1.588850000000000e+000 5.807747446255061e+001
1.588900000000000e+000 2.031332117505022e+001
1.588950000000000e+000 -5.025084376155536e+000
1.589000000000000e+000 -3.443151036742142e+001
1.589050000000000e+000 -7.961543858715815e+001
1.589100000000000e+000 -9.426982862049168e+001
1.589150000000000e+000 -1.270236311055184e+001
1.589200000000000e+000 8.525856722747038e+001
1.589250000000000e+000 8.907968401794719e+001
1.589300000000000e+000 4.348052186643670e+001
1.589350000000000e+000 1.105154488010875e+001
1.589400000000000e+000 -1.358401489870612e+001
1.589450000000000e+000 -4.864868330484102e+001
1.589500000000000e+000 -9.544696925736849e+001
1.589550000000000e+000 -8.077721178791200e+001
1.589600000000000e+000 2.774581472483317e+001
1.589650000000000e+000 1.009087431103740e+002
1.589700000000000e+000 7.605140452261820e+001
1.589750000000000e+000 3.074919582577812e+001
1.589800000000000e+000 2.662915379027391e+000
1.589850000000000e+000 -2.362488342356685e+001
1.589900000000000e+000 -6.637042110159523e+001
1.589950000000000e+000 -1.047781578424866e+002
1.590000000000000e+000 -5.182466798093828e+001
1.590050000000000e+000 6.676799609674370e+001
1.590100000000000e+000 1.033972013030414e+002
1.590150000000000e+000 5.925860231113968e+001
1.590200000000000e+000 1.967907692999665e+001
1.590250000000000e+000 -5.530961350100526e+000
1.590300000000000e+000 -3.564432330827961e+001
1.590350000000000e+000 -8.522012961566108e+001
1.590400000000000e+000 -1.024572834539746e+002
1.590450000000000e+000 -1.195352072305050e+001
1.590500000000000e+000 9.446778267217655e+001
1.590550000000000e+000 9.448522931258771e+001
1.590600000000000e+000 4.379579711399761e+001
1.590650000000000e+000 1.081741202381899e+001
1.590700000000000e+000 -1.346884639284570e+001
1.590750000000000e+000 -4.946483033376285e+001
1.590800000000000e+000 -1.019447066390259e+002
1.590850000000000e+000 -8.948284249179893e+001
1.590900000000000e+000 2.931195629125747e+001
1.590950000000000e+000 1.095518001993724e+002
1.591000000000000e+000 8.056368703936879e+001
1.591050000000000e+000 3.146423293997098e+001
1.591100000000000e+000 3.138156830571023e+000
1.591150000000000e+000 -2.261841383389733e+001
1.591200000000000e+000 -6.658028256681517e+001
1.591250000000000e+000 -1.120488053597760e+002
1.591300000000000e+000 -6.125592432096697e+001
1.591350000000000e+000 6.844433082506397e+001
1.591400000000000e+000 1.112382140921902e+002
1.591450000000000e+000 6.315519777763753e+001
1.591500000000000e+000 2.082977388002276e+001
1.591550000000000e+000 -4.509727780561822e+000
1.591600000000000e+000 -3.413205821505445e+001
1.591650000000000e+000 -8.615969799126295e+001
1.591700000000000e+000 -1.107465476932758e+002
1.591750000000000e+000 -1.954633020624016e+001
1.591800000000000e+000 9.806063930477639e+001
1.591850000000000e+000 1.013445839570863e+002
1.591900000000000e+000 4.663363630518553e+001
1.591950000000000e+000 1.214779924317024e+001
1.592000000000000e+000 -1.175707396561813e+001
1.592050000000000e+000 -4.707339773216673e+001
1.592100000000000e+000 -1.047234431357968e+002
1.592150000000000e+000 -1.013109615524510e+002
1.592200000000000e+000 2.250504830525318e+001
1.592250000000000e+000 1.159362798082997e+002
1.592300000000000e+000 8.794628023046221e+001
1.592350000000000e+000 3.422736070677050e+001
1.592400000000000e+000 4.962354110582097e+000
1.592450000000000e+000 -1.980181855515412e+001
1.592500000000000e+000 -6.318109629155450e+001
1.592550000000000e+000 -1.183607293316976e+002
1.592600000000000e+000 -7.778726016776804e+001
1.592650000000000e+000 6.372521293354948e+001
1.592700000000000e+000 1.208204620080266e+002
1.592750000000000e+000 7.069266340344296e+001
1.592800000000000e+000 2.378265219301764e+001
1.592850000000000e+000 -1.895170703025388e+000
1.592900000000000e+000 -2.963839225511861e+001
1.592950000000000e+000 -8.226501977262065e+001
1.593000000000000e+000 -1.220789859834356e+002
1.593050000000000e+000 -4.012126500707333e+001
1.593100000000000e+000 9.668820596050553e+001
1.593150000000000e+000 1.134631517187188e+002
1.593200000000000e+000 5.365052241186566e+001
1.593250000000000e+000 1.524298809477755e+001
1.593300000000000e+000 -8.448010790689454e+000
1.593350000000000e+000 -4.103437174461331e+001
1.593400000000000e+000 -1.016195007990050e+002
1.593450000000000e+000 -1.165563843175747e+002
1.593500000000000e+000 2.253598068300029e+000
1.593550000000000e+000 1.180583596100541e+002
1.593600000000000e+000 1.001430231833307e+002
1.593650000000000e+000 4.009278402949791e+001
1.593700000000000e+000 8.144847058955085e+000
1.593750000000000e+000 -1.565192057848127e+001
1.593800000000000e+000 -5.586313130197483e+001
1.593850000000000e+000 -1.192439777089336e+002
1.593900000000000e+000 -9.824058170828111e+001
1.593950000000000e+000 4.805892868052842e+001
1.594000000000000e+000 1.281652296304197e+002
1.594050000000000e+000 8.202158630975868e+001
1.594100000000000e+000 2.862516294561725e+001
1.594150000000000e+000 1.628167611506692e+000
1.594200000000000e+000 -2.383759165045314e+001
1.594250000000000e+000 -7.321227933276205e+001
1.594300000000000e+000 -1.289017204224297e+002
1.594350000000000e+000 -6.771760024775833e+001
1.594400000000000e+000 8.573193820679394e+001
1.594450000000000e+000 1.259446628692273e+002
1.594500000000000e+000 6.440081219506263e+001
1.594550000000000e+000 1.997106344182788e+001
1.594600000000000e+000 -4.058495539413525e+000
1.594650000000000e+000 -3.296592802577942e+001
1.594700000000000e+000 -9.288658367343615e+001
1.594750000000000e+000 -1.323599605625562e+002
1.594800000000000e+000 -3.022446870128764e+001
1.594850000000000e+000 1.149654100289096e+002
1.594900000000000e+000 1.174237992673052e+002
1.594950000000000e+000 4.963800231884525e+001
1.595000000000000e+000 1.276479607392323e+001
1.595050000000000e+000 -1.007423203526134e+001
1.595100000000000e+000 -4.439308651112148e+001
1.595150000000000e+000 -1.119330846908463e+002
1.595200000000000e+000 -1.232599482246263e+002
1.595250000000000e+000 1.368222090950441e+001
1.595300000000000e+000 1.311193161540795e+002
1.595350000000000e+000 1.010806322247430e+002
1.595400000000000e+000 3.737473767674521e+001
1.595450000000000e+000 6.690438592535584e+000
1.595500000000000e+000 -1.659586122745525e+001
1.595550000000000e+000 -5.877498845830368e+001
1.595600000000000e+000 -1.280154824376580e+002
1.595650000000000e+000 -1.027309705858813e+002
1.595700000000000e+000 5.763692491427275e+001
1.595750000000000e+000 1.370282110114223e+002
1.595800000000000e+000 8.232145780031226e+001
1.595850000000000e+000 2.740988393760891e+001
1.595900000000000e+000 1.212557919148302e+000
1.595950000000000e+000 -2.402445887700048e+001
1.596000000000000e+000 -7.696435263580393e+001
1.596050000000000e+000 -1.404806298678874e+002
1.596100000000000e+000 -7.273737840339678e+001
1.596150000000000e+000 9.751526181988876e+001
1.596200000000000e+000 1.356447415602423e+002
1.596250000000000e+000 6.464965489076286e+001
1.596300000000000e+000 1.907680863573712e+001
1.596350000000000e+000 -4.207666442001205e+000
1.596400000000000e+000 -3.267710187653748e+001
1.596450000000000e+000 -9.603534385947685e+001
1.596500000000000e+000 -1.420168126924025e+002
1.596550000000000e+000 -3.428067921629663e+001
1.596600000000000e+000 1.233462672775402e+002
1.596650000000000e+000 1.242785858111518e+002
1.596700000000000e+000 5.027029987032591e+001
1.596750000000000e+000 1.272282503155923e+001
1.596800000000000e+000 -9.567528658011993e+000
1.596850000000000e+000 -4.346742949906895e+001
1.596900000000000e+000 -1.154614633216594e+002
1.596950000000000e+000 -1.329406170114912e+002
1.597000000000000e+000 1.081958591250350e+001
1.597050000000000e+000 1.388303532480367e+002
1.597100000000000e+000 1.067410838184053e+002
1.597150000000000e+000 3.829094644266845e+001
1.597200000000000e+000 7.284232101408937e+000
1.597250000000000e+000 -1.516807313466298e+001
1.597300000000000e+000 -5.654310340719630e+001
1.597350000000000e+000 -1.331498139664378e+002
1.597400000000000e+000 -1.161602457706929e+002
1.597450000000000e+000 5.478508371554186e+001
1.597500000000000e+000 1.464468000962707e+002
1.597550000000000e+000 8.849403339497025e+001
1.597600000000000e+000 2.879296757037613e+001
1.597650000000000e+000 2.386161684551778e+000
1.597700000000000e+000 -2.134834433756906e+001
1.597750000000000e+000 -7.193295539375703e+001
1.597800000000000e+000 -1.454039546442049e+002
1.597850000000000e+000 -9.063391299982730e+001
1.597900000000000e+000 9.192284697432866e+001
1.597950000000000e+000 1.453199829935475e+002
1.598000000000000e+000 7.156052723975364e+001
1.598050000000000e+000 2.140707396984386e+001
1.598100000000000e+000 -2.114227505813073e+000
1.598150000000000e+000 -2.852804802998783e+001
1.598200000000000e+000 -9.015524820675624e+001
1.598250000000000e+000 -1.513866356095730e+002
1.598300000000000e+000 -5.606921144742164e+001
1.598350000000000e+000 1.216912693910903e+002
1.598400000000000e+000 1.369296381868081e+002
1.598450000000000e+000 5.659856298266844e+001
1.598500000000000e+000 1.523484038426821e+001
1.598550000000000e+000 -6.621830307908675e+000
1.598600000000000e+000 -3.712766961830059e+001
1.598650000000000e+000 -1.096825356395148e+002
1.598700000000000e+000 -1.492246639309821e+002
1.598750000000000e+000 -1.500281075312547e+001
1.598800000000000e+000 1.417729800926151e+002
1.598850000000000e+000 1.224663567639072e+002
1.598900000000000e+000 4.433719694905877e+001
1.598950000000000e+000 1.003638687575710e+001
1.599000000000000e+000 -1.137639334829071e+001
1.599050000000000e+000 -4.780469411188020e+001
1.599100000000000e+000 -1.285553890247453e+002
1.599150000000000e+000 -1.380053342262100e+002
1.599200000000000e+000 2.907110591571771e+001
1.599250000000000e+000 1.527001333792365e+002
1.599300000000000e+000 1.042793823337931e+002
1.599350000000000e+000 3.438859915828048e+001
1.599400000000000e+000 5.503195890015740e+000
1.599450000000000e+000 -1.649363518474994e+001
1.599500000000000e+000 -6.095456607159943e+001
1.599550000000000e+000 -1.451857417309176e+002
1.599600000000000e+000 -1.191045776219865e+002
1.599650000000000e+000 7.127961011286892e+001
1.599700000000000e+000 1.567395885812389e+002
1.599750000000000e+000 8.598325487307308e+001
1.599800000000000e+000 2.637226849024924e+001
1.599850000000000e+000 1.521828645688678e+000
1.599900000000000e+000 -2.164211178913207e+001
1.599950000000000e+000 -2.164211178913207e+001
1.600000000000000e+000 -2.164211178913207e+001
