1.5000000 -0.0033636469 -0.00045946187
1.5000500 0.00092367611 -0.0015426131
1.5001000 0.0046691350 0.00081607832
1.5001500 0.0055490945 0.0051559446
1.5002000 0.0030192370 0.0087876984
1.5002500 -0.0013486982 0.0094634255
1.5003000 -0.0048437036 0.0067715322
1.5003500 -0.0052989450 0.0023916067
1.5004000 -0.0024376579 -0.00094887294
1.5004500 0.0019542268 -0.0011694876
1.5005000 0.0051376206 0.0018688777
1.5005500 0.0051236363 0.0062759812
1.5006000 0.0019117422 0.0093061990
1.5006500 -0.0025071825 0.0090652240
1.5007000 -0.0053852172 0.0056896983
1.5007500 -0.0049241987 0.0012671867
1.5008000 -0.0013965446 -0.0014561592
1.5008500 0.0030175491 -0.00078102264
1.5009000 0.0055794210 0.0028852031
1.5009500 0.0046923343 0.0072749977
1.5010000 0.00089692823 0.0096635966
1.5010500 -0.0034576302 0.0085592910
1.5011000 -0.0056652573 0.0046334895
1.5011500 -0.0043405302 0.00031250118
1.5012000 -0.00028359764 -0.0017202927
1.5012500 0.0040068289 -0.00018757849
1.5013000 0.0058756400 0.0039843502
1.5013500 0.0041556252 0.0082312957
1.5014000 -0.00010506024 0.0099329187
1.5014500 -0.0042843279 0.0080332758
1.5015000 -0.0058023398 0.0036982896
1.5015500 -0.0037160950 -0.00039818769
1.5016000 0.00069293765 -0.0017225565
1.5016500 0.0047048246 0.00055212020
1.5017000 0.0058387852 0.0050309249
1.5017500 0.0033864885 0.0089544105
1.5018000 -0.0011472637 0.0099003604
1.5018500 -0.0049695958 0.0072797380
1.5019000 -0.0057209098 0.0027037281
1.5019500 -0.0029321633 -0.0010061792
1.5020000 0.0016815946 -0.0015573310
1.5020500 0.0052756787 0.0013976966
1.5021000 0.0056297528 0.0060433883
1.5021500 0.0025186437 0.0095185706
1.5022000 -0.0021465509 0.0096797323
1.5022500 -0.0054942525 0.0064231557
1.5023000 -0.0054611380 0.0017512019
1.5023500 -0.0020649176 -0.0014592906
1.5024000 0.0026041311 -0.0012295266
1.5024500 0.0056700384 0.0023003291
1.5025000 0.0052438420 0.0069563552
1.5025500 0.0015881621 0.0098703766
1.5026000 -0.0030444843 0.0092473388
1.5026500 -0.0057993197 0.0054714248
1.5027000 -0.0049782974 0.00086996711
1.5027500 -0.0010874440 -0.0017202922
1.5028000 0.0034739746 -0.00070246431
1.5028500 0.0058927844 0.0032946190
1.5029000 0.0046776593 0.0078035772
1.5029500 0.00057980120 0.010040275
1.5030000 -0.0038692922 0.0086213794
1.5030500 -0.0059179834 0.0044191804
1.5031000 -0.0042921790 2.6650330E-005
1.5031500 1.5327230E-005 -0.0018398169
1.5032000 0.0043528261 -1.7354058E-005
1.5032500 0.0060432373 0.0043817862
1.5033000 0.0040366452 0.0086516665
1.5033500 -0.00043810676 0.010158607
1.5034000 -0.0046255033 0.0079656124
1.5034500 -0.0059376900 0.0034149561
1.5035000 -0.0035501540 -0.00069162051
1.5035500 0.0010837677 -0.0018144680
1.5036000 0.0051202176 0.00075806358
1.5036500 0.0060717298 0.0054651077
1.5037000 0.0033392998 0.0094270867
1.5037500 -0.0014141558 0.010212956
1.5038000 -0.0052799513 0.0073351843
1.5038500 -0.0058870875 0.0025540010
1.5039000 -0.0028596935 -0.0011980706
1.5039500 0.0019473716 -0.0016145709
1.5040000 0.0055831069 0.0015668196
1.5040500 0.0058108694 0.0063995299
1.5041000 0.0024826146 0.0099200297
1.5041500 -0.0023676411 0.0099651338
1.5042000 -0.0057687079 0.0064998504
1.5042500 -0.0056329504 0.0016417496
1.5043000 -0.0020377330 -0.0016344471
1.5043500 0.0028191214 -0.0013200197
1.5044000 0.0059650764 0.0023948705
1.5044500 0.0054751622 0.0072366214
1.5045000 0.0016520077 0.010241689
1.5045500 -0.0031600302 0.0095726721
1.5046000 -0.0060116286 0.0056437751
1.5046500 -0.0051557537 0.00086681744
1.5047000 -0.0011186599 -0.0018270733
1.5047500 0.0036226760 -0.00078503897
1.5048000 0.0061603308 0.0033535791
1.5048500 0.0049397779 0.0080502435
1.5049000 0.00071296986 0.010425560
1.5049500 -0.0039239263 0.0090257967
1.5050000 -0.0061235094 0.0047145645
1.5050500 -0.0045345264 0.00014353841
1.5051000 -0.00013267481 -0.0018744163
1.5051500 0.0043764485 -9.3118002E-005
1.5052000 0.0062180202 0.0043994048
1.5052500 0.0042529676 0.0088468261
1.5053000 -0.00032029994 0.010515657
1.5053500 -0.0046983088 0.0083738417
1.5054000 -0.0061906109 0.0037276694
1.5054500 -0.0038718927 -0.00057459990
1.5055000 0.00084488624 -0.0018874655
1.5055500 0.0050693326 0.00060646646
1.5056000 0.0062042215 0.0053891248
1.5056500 0.0035406357 0.0095320894
1.5057000 -0.0013016311 0.010488958
1.5057500 -0.0053598320 0.0076576529
1.5058000 -0.0061390410 0.0027560963
1.5058500 -0.0031421978 -0.0012213248
1.5059000 0.0018177078 -0.0018325378
1.5059500 0.0057189551 0.0013151857
1.5060000 0.0061758934 0.0063183026
1.5060500 0.0028990143 0.010134480
1.5061000 -0.0021236016 0.010438233
1.5061500 -0.0058353070 0.0070416186
1.5062000 -0.0059738748 0.0020127430
1.5062500 -0.0024530829 -0.0015821617
1.5063000 0.0025813588 -0.0015483588
1.5063500 0.0060588437 0.0020968491
1.5064000 0.0058572700 0.0071331930
1.5064500 0.0020980341 0.010491636
1.5065000 -0.0029281404 0.010126322
1.5065500 -0.0061583325 0.0062620587
1.5066000 -0.0056254153 0.0012572431
1.5066500 -0.0016584043 -0.0018347598
1.5067000 0.0033180794 -0.0011294851
1.5067500 0.0062647077 0.0029377206
1.5068000 0.0053843575 0.0078782486
1.5068500 0.0012195731 0.010671396
1.5069000 -0.0036794912 0.0096099559
1.5069500 -0.0063129546 0.0053435273
1.5070000 -0.0050645022 0.00048313650
1.5070500 -0.00069158457 -0.0019930629
1.5071000 0.0041341431 -0.00056139040
1.5071500 0.0064584605 0.0039122089
1.5072000 0.0048519506 0.0086976334
1.5072500 0.00028746764 0.010867073
1.5073000 -0.0044492697 0.0090848473
1.5073500 -0.0064575069 0.0044282710
1.5074000 -0.0044940033 -0.00026279994
1.5074500 0.00026089901 -0.0021150768
1.5075000 0.0049151553 2.2289412E-005
1.5075500 0.0066253497 0.0048680565
1.5076000 0.0043328202 0.0094824868
1.5076500 -0.00058469780 0.011055005
1.5077000 -0.0051448782 0.0086174517
1.5077500 -0.0065719021 0.0036397387
1.5078000 -0.0039871836 -0.00085691125
1.5078500 0.0010494692 -0.0021341063
1.5079000 0.0054819449 0.00059588911
1.5079500 0.0066138418 0.0056857423
1.5080000 0.0037492845 0.010050073
1.5080500 -0.0013808573 0.011038536
1.5081000 -0.0056670097 0.0080464653
1.5081500 -0.0065073976 0.0028848972
1.5082000 -0.0033888082 -0.0013159385
1.5082500 0.0017990630 -0.0020064460
1.5083000 0.0059096797 0.0012326613
1.5083500 0.0064512612 0.0064347670
1.5084000 0.0031007980 0.010442586
1.5084500 -0.0021004992 0.010826870
1.5085000 -0.0059881800 0.0073622268
1.5085500 -0.0061980216 0.0021642388
1.5086000 -0.0026045647 -0.0015961507
1.5086500 0.0026003531 -0.0016219772
1.5087000 0.0062398594 0.0021094963
1.5087500 0.0060862588 0.0073297777
1.5088000 0.0022194822 0.010857493
1.5088500 -0.0030174355 0.010533780
1.5089000 -0.0064392468 0.0065384051
1.5089500 -0.0059541157 0.0012867441
1.5090000 -0.0018396001 -0.0020326769
1.5090500 0.0034185051 -0.0013954517
1.5091000 0.0066314003 0.0028236354
1.5091500 0.0058443635 0.0080717463
1.5092000 0.0015278707 0.011163843
1.5092500 -0.0037020147 0.010215491
1.5093000 -0.0066657882 0.0057903097
1.5093500 -0.0055482418 0.00056543663
1.5094000 -0.0010043639 -0.0022859100
1.5094500 0.0042300288 -0.0010179356
1.5095000 0.0069915228 0.0036249446
1.5095500 0.0056053535 0.0088537785
1.5096000 0.00090185463 0.011520788
1.5096500 -0.0042833607 0.010023777
1.5097000 -0.0068230671 0.0052765925
1.5097500 -0.0051902178 0.00015820506
1.5098000 -0.00038363130 -0.0022285258
1.5098500 0.0046752183 -0.00043632484
1.5099000 0.0069117897 0.0044483909
1.5099500 0.0049621740 0.0094631214
1.5100000 3.3489748E-007 0.011564240
1.5100500 -0.0049719530 0.0094712427
1.5101000 -0.0069421796 0.0044441494
1.5101500 -0.0047125482 -0.00047664878
1.5102000 0.00037101210 -0.0023104907
1.5102500 0.0052307409 5.6025673E-005
1.5103000 0.0069210609 0.0051909570
1.5103500 0.0044150396 0.0099820791
1.5104000 -0.00077060831 0.011521609
1.5104500 -0.0054909917 0.0088689577
1.5105000 -0.0068758149 0.0036247861
1.5105500 -0.0040700725 -0.0010326034
1.5106000 0.0012411867 -0.0022695513
1.5106500 0.0058462301 0.00068334750
1.5107000 0.0069488569 0.0060579439
1.5107500 0.0038638956 0.010611947
1.5108000 -0.0015617565 0.011587235
1.5108500 -0.0060585648 0.0083794213
1.5109000 -0.0069060642 0.0029099159
1.5109500 -0.0035784603 -0.0015268351
1.5110000 0.0019307102 -0.0022494486
1.5110500 0.0063058383 0.0011887691
1.5111000 0.0069087365 0.0067250561
1.5111500 0.0033722005 0.011028265
1.5112000 -0.0021757961 0.011506889
1.5112500 -0.0063926844 0.0078724703
1.5113000 -0.0067353141 0.0023160705
1.5113500 -0.0029947425 -0.0018100695
1.5114000 0.0025747433 -0.0020137534
1.5114500 0.0066137506 0.0018319468
1.5115000 0.0066849988 0.0074104670
1.5115500 0.0027446437 0.011359151
1.5116000 -0.0028308926 0.011298032
1.5116500 -0.0066779083 0.0072659220
1.5117000 -0.0064745103 0.0016985266
1.5117500 -0.0023435207 -0.0020396449
1.5118000 0.0032185560 -0.0016867910
1.5118500 0.0068474056 0.0025474031
1.5119000 0.0063439103 0.0081052174
1.5119500 0.0020052459 0.011623907
1.5120000 -0.0035505779 0.010966650
1.5120500 -0.0069613872 0.0065162532
1.5121000 -0.0061498885 0.00095106607
1.5121500 -0.0015830926 -0.0023653379
1.5122000 0.0040004418 -0.0014138943
1.5122500 0.0072366818 0.0032553977
1.5123000 0.0061650609 0.0088470250
1.5123500 0.0014153272 0.011999641
1.5124000 -0.0041647672 0.010810369
1.5124500 -0.0072183671 0.0059850855
1.5125000 -0.0058992896 0.00042132183
1.5125500 -0.00098856715 -0.0025295952
1.5126000 0.0045678147 -0.0010795104
1.5126500 0.0074271431 0.0039154186
1.5127000 0.0058613645 0.0094642451
1.5127500 0.00079950437 0.012236818
1.5128000 -0.0047268603 0.010565338
1.5128500 -0.0074023031 0.0054491362
1.5129000 -0.0056195912 -4.1562039E-005
1.5129500 -0.00044889164 -0.0026079770
1.5130000 0.0050017147 -0.00070671558
1.5130500 0.0074539086 0.0045192472
1.5131000 0.0054318567 0.0099258937
1.5131500 0.00015161792 0.012258406
1.5132000 -0.0052079474 0.010109187
1.5132500 -0.0074149164 0.0047673203
1.5133000 -0.0051292566 -0.00055173852
1.5133500 0.00028541426 -0.0026372740
1.5134000 0.0055754403 -0.00021732567
1.5134500 0.0075516082 0.0052695186
1.5135000 0.0050096383 0.010532877
1.5135500 -0.00053990436 0.012405365
1.5136000 -0.0057721395 0.0097471753
1.5136500 -0.0075399616 0.0041372412
1.5137000 -0.0047650750 -0.0010658408
1.5137500 0.00090693601 -0.0027348103
1.5138000 0.0060857892 0.00014723989
1.5138500 0.0076670618 0.0058703117
1.5139000 0.0046954986 0.011017521
1.5139500 -0.0010587183 0.012510791
1.5140000 -0.0061567840 0.0094555106
1.5140500 -0.0075487874 0.0036793743
1.5141000 -0.0044015420 -0.0013586661
1.5141500 0.0013987324 -0.0026395033
1.5142000 0.0063743623 0.00060469667
1.5142500 0.0075414751 0.0064277478
1.5143000 0.0042007714 0.011335696
1.5143500 -0.0016417782 0.012382329
1.5144000 -0.0064762781 0.0089371128
1.5144500 -0.0073929831 0.0030666616
1.5145000 -0.0038303546 -0.0017005218
1.5145500 0.0020816706 -0.0024899716
1.5146000 0.0067942661 0.0011894255
1.5146500 0.0074686252 0.0071436421
1.5147000 0.0036833253 0.011804247
1.5147500 -0.0023058280 0.012366796
1.5148000 -0.0069106338 0.0084757526
1.5148500 -0.0073573366 0.0024467592
1.5149000 -0.0033531265 -0.0021106313
1.5149500 0.0027274449 -0.0024513844
1.5150000 0.0072546031 0.0016560057
1.5150500 0.0075131216 0.0077815726
1.5151000 0.0033301408 0.012279983
1.5151500 -0.0028148966 0.012466756
1.5152000 -0.0072650841 0.0082241431
1.5152500 -0.0073669908 0.0020774777
1.5153000 -0.0030577249 -0.0023067488
1.5153500 0.0030917495 -0.0023089290
1.5154000 0.0074083707 0.0020761230
1.5154500 0.0073109092 0.0082327402
1.5155000 0.0028531623 0.012485275
1.5155500 -0.0033067355 0.012292941
1.5156000 -0.0074919476 0.0077678074
1.5156500 -0.0072019615 0.0016105129
1.5157000 -0.0026085028 -0.0025000856
1.5157500 0.0035429695 -0.0021054509
1.5158000 0.0075721694 0.0025596340
1.5158500 0.0070654191 0.0087039636
1.5159000 0.0023216217 0.012647017
1.5159500 -0.0038226427 0.012019416
1.5160000 -0.0076845931 0.0071825147
1.5160500 -0.0069355048 0.0010195590
1.5161000 -0.0019981614 -0.0027807243
1.5161500 0.0041961736 -0.0019281817
1.5162000 0.0079525237 0.0030937636
1.5162500 0.0070191148 0.0093083892
1.5163000 0.0019365701 0.013017088
1.5163500 -0.0042776547 0.012004972
1.5164000 -0.0079225005 0.0068656950
1.5164500 -0.0068181815 0.00065535126
1.5165000 -0.0016105896 -0.0029227303
1.5165500 0.0046059084 -0.0017252150
1.5166000 0.0081284732 0.0035487535
1.5166500 0.0068530999 0.0097692024
1.5167000 0.0015309875 0.013237778
1.5167500 -0.0046757750 0.011890440
1.5168000 -0.0080746092 0.0065288336
1.5168500 -0.0066414464 0.00034715710
1.5169000 -0.0012304276 -0.0029674841
1.5169500 0.0049299033 -0.0014336903
1.5170000 0.0081591427 0.0040383399
1.5170500 0.0065212289 0.010185194
1.5171000 0.00098270981 0.013333832
1.5171500 -0.0051582517 0.011591771
1.5172000 -0.0082328736 0.0059800210
1.5172500 -0.0063883246 -0.00016656111
1.5173000 -0.00069952669 -0.0031797290
1.5173500 0.0054607045 -0.0012447487
1.5174000 0.0084248340 0.0045104628
1.5174500 0.0064156585 0.010678127
1.5175000 0.00060988880 0.013593419
1.5175500 -0.0055541076 0.011513951
1.5176000 -0.0084142686 0.0056607878
1.5176500 -0.0062608269 -0.00049875024
1.5177000 -0.00035851716 -0.0033057380
1.5177500 0.0057974278 -0.0010849556
1.5178000 0.0085550882 0.0048544832
1.5178500 0.0062769670 0.010992887
1.5179000 0.00031530415 0.013689373
1.5179500 -0.0057883789 0.011344638
1.5180000 -0.0084043382 0.0053534459
1.5180500 -0.0059714314 -0.00071917024
1.5181000 7.0214640E-005 -0.0032533961
1.5181500 0.0061295068 -0.00072855915
1.5182000 0.0085975691 0.0053672838
1.5182500 0.0059956427 0.011417492
1.5183000 -0.00014157475 0.013824650
1.5183500 -0.0061726393 0.011149460
1.5184000 -0.0085087231 0.0049714058
1.5184500 -0.0057471441 -0.0010411102
1.5185000 0.00048699677 -0.0033050479
1.5185500 0.0064967916 -0.00045434185
1.5186000 0.0087055950 0.0058403329
1.5186500 0.0057834625 0.011856020
1.5187000 -0.00055733796 0.014023391
1.5187500 -0.0065708922 0.011045079
1.5188000 -0.0086938362 0.0046711178
1.5188500 -0.0056591451 -0.0013300341
1.5189000 0.00074525910 -0.0034010492
1.5189500 0.0067290408 -0.00030757339
1.5190000 0.0087446575 0.0061236802
1.5190500 0.0055930738 0.012083489
1.5191000 -0.00086148902 0.014036689
1.5191500 -0.0067920334 0.010818754
1.5192000 -0.0086737903 0.0043311562
1.5192500 -0.0053756486 -0.0015782281
1.5193000 0.0011610426 -0.0033925928
1.5193500 0.0070651006 -1.5353405E-005
1.5194000 0.0088281453 0.0065713548
1.5194500 0.0053876722 0.012474636
1.5195000 -0.0012367756 0.014194421
1.5195500 -0.0071321687 0.010698284
1.5196000 -0.0088038383 0.0040402168
1.5196500 -0.0052466355 -0.0018454015
1.5197000 0.0014505992 -0.0034679067
1.5197500 0.0073321718 0.00014958451
1.5198000 0.0089138173 0.0068838562
1.5198500 0.0052471948 0.012761491
1.5199000 -0.0015138770 0.014306278
1.5199500 -0.0073809111 0.010595644
1.5200000 -0.0088844185 0.0038116051
1.5200500 -0.0051265871 -0.0020415488
1.5201000 0.0016807166 -0.0035013062
1.5201500 0.0075174374 0.00030219066
1.5202000 0.0089316644 0.0071258024
1.5202500 0.0050838310 0.012936127
1.5203000 -0.0017527730 0.014293319
1.5203500 -0.0075312509 0.010386553
1.5204000 -0.0088204777 0.0035195843
1.5204500 -0.0048369335 -0.0022429904
1.5205000 0.0020823693 -0.0034757524
1.5205500 0.0078528338 0.00057688987
1.5206000 0.0090550660 0.0075447640
1.5206500 0.0049599134 0.013325627
1.5207000 -0.0020337773 0.014505738
1.5207500 -0.0078080059 0.010377876
1.5208000 -0.0089519644 0.0033666711
1.5208500 -0.0047783941 -0.0023929325
1.5209000 0.0022611155 -0.0034925909
1.5209500 0.0080148821 0.00073284707
1.5210000 0.0090799979 0.0078048014
1.5210500 0.0048139632 0.013558127
1.5211000 -0.0022809011 0.014596347
1.5211500 -0.0080273392 0.010296641
1.5212000 -0.0090328382 0.0031836667
1.5212500 -0.0046932765 -0.0025510914
1.5213000 0.0024420156 -0.0035186189
1.5213500 0.0081668426 0.00086366057
1.5214000 0.0090985876 0.0080207956
1.5214500 0.0046772467 0.013734244
1.5215000 -0.0024987313 0.014628105
1.5215500 -0.0081981416 0.010162033
1.5216000 -0.0090477341 0.0029576963
1.5216500 -0.0045249664 -0.0027370098
1.5217000 0.0027229162 -0.0035488384
1.5217500 0.0084299485 0.0010262861
1.5218000 0.0092238854 0.0083164808
1.5218500 0.0046173045 0.014041051
1.5219000 -0.0026985521 0.014828642
1.5219500 -0.0084306606 0.010203840
1.5220000 -0.0092064070 0.0028743253
1.5220500 -0.0045614490 -0.0028538652
1.5221000 0.0027782221 -0.0036079483
1.5221500 0.0084942923 0.0010612966
1.5222000 0.0092181924 0.0084082533
1.5222500 0.0045180028 0.014104885
1.5223000 -0.0028422251 0.014787452
1.5223500 -0.0085234706 0.010039001
1.5224000 -0.0091622009 0.0026428038
1.5224500 -0.0043547896 -0.0030461021
1.5225000 0.0030933796 -0.0036613850
1.5225500 0.0088096339 0.0011865030
1.5226000 0.0094258822 0.0086708995
1.5226500 0.0045649983 0.014404643
1.5227000 -0.0029297242 0.015017441
1.5227500 -0.0086576903 0.010140120
1.5228000 -0.0092428406 0.0026310050
1.5228500 -0.0043224093 -0.0030930000
1.5229000 0.0032280218 -0.0036487487
1.5229500 0.0089747738 0.0013185174
1.5230000 0.0095296202 0.0089169612
1.5230500 0.0045442516 0.014700001
1.5231000 -0.0030787356 0.015274373
1.5231500 -0.0088822847 0.010293498
1.5232000 -0.0094660077 0.0026680024
1.5232500 -0.0044846959 -0.0031338456
1.5233000 0.0031405448 -0.0037063217
1.5233500 0.0089311705 0.0012893519
1.5234000 0.0094812442 0.0089197844
1.5234500 0.0044611673 0.014698668
1.5235000 -0.0031840968 0.015220366
1.5235500 -0.0089584176 0.010162207
1.5236000 -0.0094511292 0.0024822948
1.5236500 -0.0043449560 -0.0033073138
1.5237000 0.0033852798 -0.0037873936
1.5237500 0.0092094711 0.0013532061
1.5238000 0.0097005529 0.0091238852
1.5238500 0.0045512221 0.014979728
1.5239000 -0.0032375057 0.015484958
1.5239500 -0.0091071865 0.010330925
1.5240000 -0.0096096992 0.0025270514
1.5240500 -0.0044337723 -0.0033520994
1.5241000 0.0034001092 -0.0038456198
1.5241500 0.0093010252 0.0013573655
1.5242000 0.0097983445 0.0092251017
1.5242500 0.0045814640 0.015153437
1.5243000 -0.0033102680 0.015661597
1.5243500 -0.0092594062 0.010434816
1.5244000 -0.0097703942 0.0025191279
1.5244500 -0.0045225694 -0.0034507869
1.5245000 0.0034285515 -0.0039629018
1.5245500 0.0094303403 0.0013072812
1.5246000 0.0099566530 0.0092953109
1.5246500 0.0046779874 0.015334196
1.5247000 -0.0033371949 0.015883097
1.5247500 -0.0094084318 0.010602200
1.5248000 -0.0099758462 0.0025618765
1.5248500 -0.0046872971 -0.0035411442
1.5249000 0.0033829298 -0.0041272195
1.5249500 0.0095224313 0.0011655095
1.5250000 0.010135756 0.0092596621
1.5250500 0.0048514020 0.015431969
1.5251000 -0.0032547132 0.016072290
1.5251500 -0.0094498502 0.010795784
1.5252000 -0.010106020 0.0026760324
1.5252500 -0.0048247618 -0.0035413660
1.5253000 0.0033187115 -0.0042102789
1.5253500 0.0095650921 0.0010772436
1.5254000 0.010253706 0.0092431368
1.5254500 0.0049679077 0.015517339
1.5255000 -0.0032144610 0.016224477
1.5255500 -0.0095119779 0.010935069
1.5256000 -0.010229325 0.0027265639
1.5256500 -0.0049225072 -0.0036030538
1.5257000 0.0033275988 -0.0043359855
1.5257500 0.0097046165 0.00098402910
1.5258000 0.010470189 0.0092726217
1.5258500 0.0051545162 0.015698231
1.5259000 -0.0031596222 0.016500894
1.5259500 -0.0096260504 0.011191225
1.5260000 -0.010457824 0.0028481144
1.5260500 -0.0051431613 -0.0036640042
1.5261000 0.0032406907 -0.0045294373
1.5261500 0.0098109484 0.00078373493
1.5262000 0.010726708 0.0092007463
1.5262500 0.0054355041 0.015825380
1.5263000 -0.0029957243 0.016792276
1.5263500 -0.0096589168 0.011523570
1.5264000 -0.010660051 0.0030766370
1.5264500 -0.0053942522 -0.0036247808
1.5265000 0.0030871506 -0.0046565170
1.5265500 0.0098436858 0.00061017439
1.5266000 0.010924290 0.0091298315
1.5266500 0.0056759697 0.015949515
1.5267000 -0.0028671616 0.017091522
1.5267500 -0.0097414375 0.011872996
1.5268000 -0.010938086 0.0033140857
1.5268500 -0.0057423330 -0.0036076110
1.5269000 0.0028364709 -0.0048513433
1.5269500 0.0098062683 0.00032561050
1.5270000 0.011098709 0.0089237402
1.5270500 0.0059442530 0.015940657
1.5271000 -0.0026716172 0.017281106
1.5271500 -0.0097368373 0.012143705
1.5272000 -0.011123670 0.0034981649
1.5272500 -0.0059959236 -0.0036290805
1.5273000 0.0026894386 -0.0050750919
1.5273500 0.0098905754 2.8672397E-005
1.5274000 0.011413042 0.0087382348
1.5274500 0.0063561611 0.016001659
1.5275000 -0.0023547290 0.017594619
1.5275500 -0.0096599723 0.012579456
1.5276000 -0.011301147 0.0038607219
1.5276500 -0.0063017029 -0.0034899557
1.5277000 0.0024503961 -0.0051779247
1.5277500 0.0098694577 -0.00019137024
1.5278000 0.011627938 0.0085970754
1.5278500 0.0066791752 0.016091795
1.5279000 -0.0021249751 0.017933081
1.5279500 -0.0096810147 0.013033519
1.5280000 -0.011591922 0.0042210891
1.5280500 -0.0067264016 -0.0033887552
1.5281000 0.0021079353 -0.0053591280
1.5281500 0.0097817336 -0.00051824431
1.5282000 0.011821787 0.0083453568
1.5282500 0.0070164791 0.016092699
1.5283000 -0.0018703663 0.018215073
1.5283500 -0.0096924765 0.013454497
1.5284000 -0.011899949 0.0045459031
1.5284500 -0.0071839346 -0.0033536076
1.5285000 0.0017474079 -0.0056501297
1.5285500 0.0097253541 -0.00098679543
1.5286000 0.012116815 0.0079545994
1.5286500 0.0075186019 0.015999750
1.5287000 -0.0014196091 0.018479489
1.5287500 -0.0095215106 0.013939457
1.5288000 -0.012077601 0.0049937820
1.5288500 -0.0075791044 -0.0031752912
1.5289000 0.0013917951 -0.0058150135
1.5289500 0.0096446803 -0.0013657959
1.5290000 0.012387865 0.0076203768
1.5290500 0.0080130706 0.015950124
1.5291000 -0.00096329307 0.018795880
1.5291500 -0.0093484440 0.014495870
1.5292000 -0.012274521 0.0055275362
1.5292500 -0.0080228855 -0.0029123645
1.5293000 0.00096353023 -0.0059117775
1.5293500 0.0094799389 -0.0016986810
1.5294000 0.012572755 0.0073156409
1.5294500 0.0084177494 0.015921968
1.5295000 -0.00061146899 0.019126359
1.5295500 -0.0093048743 0.015044878
1.5296000 -0.012622123 0.0060070281
1.5296500 -0.0086128853 -0.0027736035
1.5297000 0.00043660135 -0.0062062669
1.5297500 0.0093081256 -0.0022764055
1.5298000 0.012865795 0.0067723060
1.5298500 0.0090338122 0.015724124
1.5299000 7.0087880E-006 0.019403496
1.5299500 -0.0090074335 0.015669215
1.5300000 -0.012791433 0.0066622680
1.5300500 -0.0091345702 -0.0024157062
1.5301000 -0.00012770582 -0.0063006153
1.5301500 0.0090293784 -0.0027169123
1.5302000 0.013030781 0.0062908719
1.5302500 0.0095396824 0.015529291
1.5303000 0.00054946555 0.019654885
1.5303500 -0.0087576776 0.016264787
1.5304000 -0.012996448 0.0072958263
1.5304500 -0.0096924491 -0.0020774003
1.5305000 -0.00072907813 -0.0064225094
1.5305500 0.0087219844 -0.0031963023
1.5306000 0.013184136 0.0057674995
1.5306500 0.010048470 0.015304120
1.5307000 0.0010934369 0.019896504
1.5307500 -0.0085289491 0.016863942
1.5308000 -0.013256679 0.0079219140
1.5308500 -0.010329822 -0.0017883582
1.5309000 -0.0014017308 -0.0066547081
1.5309500 0.0083939468 -0.0038400068
1.5310000 0.013398989 0.0050614007
1.5310500 0.010703539 0.014928709
1.5311000 0.0018377147 0.020063555
1.5311500 -0.0080974867 0.017478779
1.5312000 -0.013360153 0.0086325624
1.5312500 -0.010878295 -0.0013922837
1.5313000 -0.0020385247 -0.0068046241
1.5313500 0.0080913095 -0.0044490215
1.5314000 0.013675222 0.0043566944
1.5314500 0.011479690 0.014566069
1.5315000 0.0027485264 0.020306781
1.5315500 -0.0075022293 0.018265118
1.5316000 -0.013363444 0.0096040372
1.5316500 -0.011436248 -0.00068925787
1.5317000 -0.0028059426 -0.0066634363
1.5317500 0.0075624056 -0.0048375290
1.5318000 0.013677186 0.0037742229
1.5318500 0.011980679 0.014230987
1.5319000 0.0034122333 0.020506191
1.5319500 -0.0071189648 0.018960611
1.5320000 -0.013548256 0.010449125
1.5320500 -0.012145573 -0.00015049302
1.5321000 -0.0036802060 -0.0067287064
1.5321500 0.0069971147 -0.0054648395
1.5322000 0.013734865 0.0029532557
1.5322500 0.012627854 0.013706515
1.5323000 0.0042781888 0.020610042
1.5323500 -0.0065368130 0.019671805
1.5324000 -0.013598898 0.011398452
1.5324500 -0.012821316 0.00052426442
1.5325000 -0.0046144937 -0.0066932929
1.5325500 0.0063252695 -0.0060737919
1.5326000 0.013704018 0.0020626446
1.5326500 0.013255320 0.013060876
1.5327000 0.0052066379 0.020599625
1.5327500 -0.0058378318 0.020325566
1.5328000 -0.013530087 0.012364061
1.5328500 -0.013421655 0.0012667964
1.5329000 -0.0055343636 -0.0065848349
1.5329500 0.0056269129 -0.0066471620
1.5330000 0.013649073 0.0011552473
1.5330500 0.013901373 0.012366636
1.5331000 0.0062098655 0.020551980
1.5331500 -0.0050288763 0.020993970
1.5332000 -0.013359547 0.013410929
1.5332500 -0.013969988 0.0021383843
1.5333000 -0.0064690109 -0.0063403801
1.5333500 0.0048618234 -0.0071167672
1.5334000 0.013510504 0.00030343846
1.5334500 0.014478891 0.011693411
1.5335000 0.0071681377 0.020521319
1.5335500 -0.0042609631 0.021699215
1.5336000 -0.013259604 0.014511815
1.5336500 -0.014640475 0.0030485887
1.5337000 -0.0075669086 -0.0061184104
1.5337500 0.0039382343 -0.0077003541
1.5338000 0.013280301 -0.00074525930
1.5338500 0.015078008 0.010791892
1.5339000 0.0082645918 0.020305288
1.5339500 -0.0032846369 0.022324542
1.5340000 -0.012958173 0.015657892
1.5340500 -0.015188694 0.0040951058
1.5341000 -0.0086548666 -0.0057405665
1.5341500 0.0029332112 -0.0081823599
1.5342000 0.012939486 -0.0017866757
1.5342500 0.015607087 0.0098149087
1.5343000 0.0093727452 0.019984259
1.5343500 -0.0022213725 0.022878895
1.5344000 -0.012541123 0.016805883
1.5344500 -0.015650050 0.0052110885
1.5345000 -0.0097190715 -0.0052688926
1.5345500 0.0018969703 -0.0085990177
1.5346000 0.012556815 -0.0028202258
1.5346500 0.016135913 0.0088022562
1.5347000 0.010548738 0.019634283
1.5347500 -0.0010408144 0.023468923
1.5348000 -0.012014862 0.018085290
1.5348500 -0.016078019 0.0065378007
1.5349000 -0.010868155 -0.0045663278
1.5349500 0.00066294785 -0.0088383683
1.5350000 0.011913440 -0.0037826065
1.5350500 0.016408900 0.0077464202
1.5351000 0.011524878 0.019160667
1.5351500 8.2261679E-006 0.023905688
1.5352000 -0.011575732 0.019217138
1.5352500 -0.016584241 0.0077221806
1.5353000 -0.012101879 -0.0040329592
1.5353500 -0.00063801831 -0.0093106743
1.5354000 0.011277490 -0.0050496465
1.5354500 0.016822312 0.0063548361
1.5355000 0.012797475 0.018401115
1.5355500 0.0014748295 0.024193851
1.5356000 -0.010683926 0.020390348
1.5356500 -0.016705658 0.0091288482
1.5357000 -0.013094596 -0.0031640655
1.5357500 -0.0018598275 -0.0094284566
1.5358000 0.010599564 -0.0060196274
1.5358500 0.017142727 0.0051765585
1.5359000 0.013982806 0.017797795
1.5359500 0.0028716073 0.024633259
1.5360000 -0.0098805102 0.021745944
1.5360500 -0.016990040 0.010738265
1.5361000 -0.014358589 -0.0021316497
1.5361500 -0.0034405848 -0.0095007147
1.5362000 0.0095519475 -0.0071147115
1.5362500 0.017184584 0.0037110490
1.5363000 0.015059439 0.016818503
1.5363500 0.0043468551 0.024715680
1.5364000 -0.0088630556 0.022856985
1.5364500 -0.017018128 0.012253997
1.5365000 -0.015411943 -0.0010699890
1.5365500 -0.0048974112 -0.0094914100
1.5366000 0.0085603403 -0.0081441082
1.5366500 0.017270754 0.0022698647
1.5367000 0.016218458 0.015851196
1.5367500 0.0059471790 0.024857841
1.5368000 -0.0077283687 0.024122147
1.5368500 -0.017017013 0.014012176
1.5369000 -0.016586472 0.00025367327
1.5369500 -0.0066275149 -0.0093048181
1.5370000 0.0072147378 -0.0091692558
1.5370500 0.017039450 0.00063507597
1.5371000 0.017206015 0.014547600
1.5371500 0.0075728059 0.024631652
1.5372000 -0.0064004969 0.025100584
1.5372500 -0.016743560 0.015629870
1.5373000 -0.017508928 0.0015742479
1.5373500 -0.0081843810 -0.0090504156
1.5374000 0.0059712847 -0.010133398
1.5374500 0.016898622 -0.00098432993
1.5375000 0.018337894 0.013238153
1.5375500 0.0094191893 0.024450327
1.5376000 -0.0048190725 0.026247871
1.5376500 -0.016277082 0.017565128
1.5377000 -0.018394106 0.0033128490
1.5377500 -0.0099042980 -0.0083826134
1.5378000 0.0043976153 -0.010801617
1.5378500 0.016356607 -0.0024911660
1.5379000 0.019108260 0.011868126
1.5379500 0.011014329 0.024108745
1.5380000 -0.0033775622 0.027225550
1.5380500 -0.015896145 0.019375768
1.5381000 -0.019380201 0.0049613821
1.5381500 -0.011770602 -0.0078331216
1.5382000 0.0026695091 -0.011684097
1.5382500 0.015741433 -0.0043261487
1.5383000 0.019975715 0.010115759
1.5383500 0.012906402 0.023449666
1.5384000 -0.0014997184 0.028072356
1.5384500 -0.015072712 0.021302087
1.5385000 -0.020065148 0.0069331920
1.5385500 -0.013568572 -0.0068781005
1.5386000 0.00078607113 -0.012232468
1.5386500 0.014850347 -0.0060064266
1.5387000 0.020588164 0.0083262184
1.5387500 0.014670123 0.022642890
1.5388000 0.00039436510 0.028784686
1.5388500 -0.014160693 0.023201140
1.5389000 -0.020703979 0.0089958498
1.5389500 -0.015449158 -0.0057916777
1.5390000 -0.0013114763 -0.012728959
1.5390500 0.013701487 -0.0078051121
1.5391000 0.021031980 0.0062430974
1.5391500 0.016459806 0.021456959
1.5392000 0.0025292244 0.029172461
1.5392500 -0.012869668 0.024949745
1.5393000 -0.020958781 0.011121786
1.5393500 -0.017061273 -0.0044837104
1.5394000 -0.0033042336 -0.012959490
1.5394500 0.012534754 -0.0093983953
1.5395000 0.021429983 0.0042670767
1.5395500 0.018258648 0.020324446
1.5396000 0.0047435197 0.029650770
1.5396500 -0.011494008 0.026897803
1.5397000 -0.021231011 0.013553611
1.5397500 -0.018874421 -0.0028520574
1.5398000 -0.0056792633 -0.012982108
1.5398500 0.010903241 -0.011005168
1.5399000 0.021431964 0.0020408988
1.5399500 0.019857327 0.018794415
1.5400000 0.0069905566 0.029734374
1.5400500 -0.0099233267 0.028587293
1.5401000 -0.021283253 0.015910476
1.5401500 -0.020568609 -0.0011721321
1.5402000 -0.0080785093 -0.012962700
1.5402500 0.0091713077 -0.012694980
1.5403000 0.021394697 -0.00042566398
1.5403500 0.021603493 0.016948087
1.5404000 0.0096066768 0.029582257
1.5404500 -0.0078482303 0.030269506
1.5405000 -0.020867273 0.018544856
1.5405500 -0.022003442 0.00099824747
1.5406000 -0.010513196 -0.012409000
1.5406500 0.0071534223 -0.013989395
1.5407000 0.020969522 -0.0027411924
1.5407500 0.023031712 0.015027798
1.5408000 0.012080198 0.029254147
1.5408500 -0.0057506871 0.031824247
1.5409000 -0.020372766 0.021191239
1.5409500 -0.023439167 0.0033014320
1.5410000 -0.013104055 -0.011714926
1.5410500 0.0048581528 -0.015271718
1.5411000 0.020273628 -0.0052444890
1.5411500 0.024343818 0.012762264
1.5412000 0.014672656 0.028562219
1.5412500 -0.0033362544 0.033157762
1.5413000 -0.019501980 0.023853924
1.5413500 -0.024605591 0.0058342490
1.5414000 -0.015635934 -0.010707818
1.5414500 0.0024274712 -0.016319075
1.5415000 0.019370523 -0.0076905075
1.5415500 0.025530432 0.010395972
1.5416000 0.017311108 0.027737123
1.5416500 -0.00073636046 0.034480552
1.5417000 -0.018447520 0.026715840
1.5417500 -0.025762785 0.0087346208
1.5418000 -0.018435300 -0.0093257743
1.5418500 -0.00051072079 -0.017184086
1.5419000 0.017888816 -0.010277303
1.5419500 0.026286685 0.0075794777
1.5420000 0.019825399 0.026307604
1.5420500 0.0020629835 0.035262657
1.5421000 -0.016997111 0.029270628
1.5421500 -0.026526956 0.011599715
1.5422000 -0.021006849 -0.0078118448
1.5422500 -0.0034242055 -0.017930359
1.5423000 0.016330632 -0.012905069
1.5423500 0.027040934 0.0045380005
1.5424000 0.022552581 0.024582860
1.5424500 0.0053073569 0.035865822
1.5425000 -0.014992326 0.031914235
1.5425500 -0.026827143 0.014848666
1.5426000 -0.023373468 -0.0057362480
1.5426500 -0.0064369109 -0.018137531
1.5427000 0.014470670 -0.015190270
1.5427500 0.027478071 0.0015894024
1.5428000 0.025110444 0.022792626
1.5428500 0.0085752229 0.036420612
1.5429000 -0.012868841 0.034677529
1.5429500 -0.027094732 0.018416494
1.5430000 -0.025948109 -0.0032585064
1.5430500 -0.0099258702 -0.018062640
1.5431000 0.011995175 -0.017488441
1.5431500 0.027383718 -0.0017086599
1.5432000 0.027418850 0.020439574
1.5432500 0.011940540 0.036425169
1.5433000 -0.010404146 0.037112643
1.5433500 -0.026991762 0.021960324
1.5434000 -0.028330168 -0.00058777474
1.5434500 -0.013484206 -0.017782210
1.5435000 0.0092755200 -0.019769810
1.5435500 0.027077332 -0.0052558936
1.5436000 0.029751236 0.017667934
1.5436500 0.015644188 0.036060924
1.5437000 -0.0073860525 0.039448437
1.5437500 -0.026350267 0.025769916
1.5438000 -0.030428320 0.0026266578
1.5438500 -0.017132980 -0.016908675
1.5439000 0.0061571177 -0.021656969
1.5439500 0.026277262 -0.0087416960
1.5440000 0.031733999 0.014673946
1.5440500 0.019273267 0.035385906
1.5441000 -0.0042136732 0.041608490
1.5441500 -0.025516679 0.029658187
1.5442000 -0.032517075 0.0061165428
1.5442500 -0.021069379 -0.015769263
1.5443000 0.0025245366 -0.023525075
1.5443500 0.024963789 -0.012581481
1.5444000 0.033466625 0.011019622
1.5444500 0.023068477 0.033976276
1.5445000 -0.00049959586 0.043237185
1.5445500 -0.023978718 0.033397487
1.5446000 -0.034010174 0.0098309766
1.5446500 -0.024704454 -0.014215662
1.5447000 -0.0011055867 -0.025038318
1.5447500 0.023520971 -0.016294083
1.5448000 0.035166787 0.0072728584
1.5448500 0.027073832 0.032428034
1.5449000 0.0036366876 0.044910298
1.5449500 -0.022002238 0.037505956
1.5450000 -0.035300274 0.014198423
1.5450500 -0.028532781 -0.011940177
1.5451000 -0.0052937455 -0.026037629
1.5451500 0.021370990 -0.019885162
1.5452000 0.036293856 0.0032675674
1.5452500 0.030834132 0.030441552
1.5453000 0.0078558177 0.046237884
1.5453500 -0.019803987 0.041550638
1.5454000 -0.036495865 0.018780238
1.5454500 -0.032578521 -0.0093701336
1.5455000 -0.0099962342 -0.026942327
1.5455500 0.018629477 -0.023776339
1.5456000 0.037058888 -0.0014174554
1.5456500 0.034682429 0.027625175
1.5457000 0.012620899 0.046910912
1.5457500 -0.016815566 0.045365548
1.5458000 -0.036981427 0.023599368
1.5458500 -0.036257972 -0.0062805490
1.5459000 -0.014739240 -0.027352797
1.5459500 0.015606019 -0.027454378
1.5460000 0.037590581 -0.0062300317
1.5460500 0.038585560 0.024505430
1.5461000 0.017775678 0.047391365
1.5461500 -0.013277922 0.049335866
1.5462000 -0.037058024 0.028967069
1.5462500 -0.039922655 -0.0024313736
1.5463000 -0.019920735 -0.027107224
1.5463500 0.011866232 -0.030851508
1.5464000 0.037440020 -0.011212400
1.5464500 0.042111471 0.020922734
1.5465000 0.022939216 0.047407633
1.5465500 -0.0094902157 0.053095193
1.5466000 -0.036920403 0.034447664
1.5466500 -0.043649510 0.0017009526
1.5467000 -0.025492642 -0.026695267
1.5467500 0.0075888308 -0.034442630
1.5468000 0.036920141 -0.016790108
1.5468500 0.045700219 0.016545486
1.5469000 0.028650246 0.046769946
1.5469500 -0.0048677210 0.056631882
1.5470000 -0.036006067 0.040218138
1.5470500 -0.046965952 0.0064610013
1.5471000 -0.031123047 -0.025652636
1.5471500 0.0029418653 -0.037705286
1.5472000 0.036040404 -0.022441220
1.5472500 0.049227476 0.011852227
1.5473000 0.034681138 0.045890297
1.5473500 0.00028340595 0.060282302
1.5474000 -0.034684188 0.046533615
1.5474500 -0.050292398 0.012011641
1.5475000 -0.037264909 -0.023925525
1.5475500 -0.0025276715 -0.040707422
1.5476000 0.034388864 -0.028350938
1.5476500 0.052356803 0.0065660625
1.5477000 0.040785755 0.044436549
1.5477500 0.0058020062 0.063690494
1.5478000 -0.033046087 0.053030578
1.5478500 -0.053662506 0.017982490
1.5479000 -0.043893570 -0.021899021
1.5479500 -0.0087192941 -0.043852532
1.5480000 0.032169706 -0.034926059
1.5480500 0.055416042 0.00031742321
1.5481000 0.047407917 0.042131618
1.5481500 0.012207234 0.066718167
1.5482000 -0.030556674 0.059726865
1.5482500 -0.056580114 0.024532683
1.5483000 -0.050585070 -0.019306389
1.5483500 -0.015290632 -0.046799431
1.5484000 0.029646890 -0.041769700
1.5484500 0.058589579 -0.0064446657
1.5485000 0.054635419 0.039476036
1.5485500 0.019459249 0.069902040
1.5486000 -0.027412941 0.067153518
1.5486500 -0.059405046 0.032121855
1.5487000 -0.057826847 -0.015828715
1.5487500 -0.022782706 -0.049411492
1.5488000 0.026311002 -0.048917835
1.5488500 0.061456165 -0.013872955
1.5489000 0.062139869 0.036267188
1.5489500 0.027286955 0.073027405
1.5490000 -0.023868050 0.075075411
1.5490500 -0.062380219 0.040454403
1.5491000 -0.065812407 -0.011859557
1.5491500 -0.031265846 -0.052177658
1.5492000 0.022284708 -0.056890117
1.5492500 0.064347254 -0.022403693
1.5493000 0.070393479 0.032264516
1.5493500 0.036169637 0.076096813
1.5494000 -0.019573571 0.083687765
1.5494500 -0.065361143 0.049789886
1.5495000 -0.074571672 -0.0072182010
1.5495500 -0.040827034 -0.055079864
1.5496000 0.017565154 -0.065808915
1.5496500 0.067426688 -0.032182870
1.5497000 0.079698806 0.027440368
1.5497500 0.046424146 0.079280458
1.5498000 -0.014346135 0.093324005
1.5498500 -0.068379838 0.060490849
1.5499000 -0.084312023 -0.0016721110
1.5499500 -0.051698923 -0.058101346
1.5500000 0.012069907 -0.075819249
1.5500500 0.070847517 -0.043340672
1.5501000 0.090369601 0.021875603
1.5501500 0.058319294 0.082960806
1.5502000 -0.0081876072 0.10458618
1.5502500 -0.071828252 0.073151659
1.5503000 -0.095749623 0.0050990590
1.5503500 -0.064680780 -0.061360113
1.5504000 0.0052194419 -0.087432059
1.5504500 0.074440915 -0.056530520
1.5505000 0.10260280 0.015088421
1.5505500 0.072160068 0.087010672
1.5506000 -0.00099508178 0.11763806
1.5506500 -0.075975433 0.087950541
1.5507000 -0.10943907 0.012955712
1.5507500 -0.080290217 -0.065501138
1.5508000 -0.0030694046 -0.10169643
1.5508500 0.078794440 -0.072824670
1.5509000 0.11755982 0.0064546987
1.5509500 0.089269708 0.091546833
1.5510000 0.0081986833 0.13327061
1.5510500 -0.080552326 0.10594127
1.5511000 -0.12577196 0.022666779
1.5511500 -0.099152859 -0.070413214
1.5512000 -0.013069582 -0.11910699
1.5512500 0.084366806 -0.092839033
1.5513000 0.13633476 -0.0041265151
1.5513500 0.11083286 0.097379066
1.5514000 0.019968095 0.15310976
1.5514500 -0.086077263 0.12899267
1.5515000 -0.14633683 0.035541503
1.5515500 -0.12332868 -0.075969605
1.5516000 -0.026391242 -0.14076155
1.5516500 0.090711905 -0.11824756
1.5517000 0.15968111 -0.017921432
1.5517500 0.13812100 0.10436158
1.5518000 0.035118743 0.17814861
1.5518500 -0.092936797 0.15855454
1.5519000 -0.17276945 0.052450307
1.5519500 -0.15498068 -0.082723724
1.5520000 -0.044524200 -0.16874586
1.5520500 0.098010900 -0.15183707
1.5521000 0.18957213 -0.037053342
1.5521500 0.17400136 0.11212295
1.5522000 0.055989931 0.20993945
1.5522500 -0.10050155 0.19725258
1.5523000 -0.20646057 0.075621578
1.5523500 -0.19670228 -0.090195433
1.5524000 -0.069646765 -0.20474238
1.5524500 0.10599561 -0.19654326
1.5525000 0.22804275 -0.063958551
1.5525500 0.22183743 0.12024684
1.5526000 0.085522538 0.25051154
1.5526500 -0.10785625 0.24869552
1.5527000 -0.24917442 0.10846384
1.5527500 -0.25217323 -0.097051105
1.5528000 -0.10536510 -0.25036404
1.5528500 0.11324840 -0.25606586
1.5529000 0.27671563 -0.10227087
1.5529500 0.28538277 0.12723999
1.5530000 0.12760103 0.30137943
1.5530500 -0.11302992 0.31678824
1.5531000 -0.30208323 0.15545481
1.5531500 -0.32544745 -0.10058410
1.5532000 -0.15666618 -0.30633494
1.5532500 0.11653564 -0.33431814
1.5533000 0.33579344 -0.15698793
1.5533500 0.36801109 0.12955696
1.5534000 0.18705710 0.36205755
1.5534500 -0.11194932 0.40436806
1.5535000 -0.36391359 0.22167447
1.5535500 -0.41913558 -0.095804681
1.5536000 -0.22922772 -0.37053410
1.5536500 0.10983194 -0.43359350
1.5537000 0.40198012 -0.23402888
1.5537500 0.47090245 0.12019068
1.5538000 0.26943866 0.42746231
1.5538500 -0.096558899 0.51083974
1.5539000 -0.42752383 0.31217348
1.5539500 -0.53099900 -0.073505461
1.5540000 -0.32795432 -0.43401106
1.5540500 0.082753681 -0.55046893
1.5541000 0.46462263 -0.33829729
1.5541500 0.58913717 0.087427868
1.5542000 0.37936155 0.48441666
1.5542500 -0.053232466 0.62874558
1.5543000 -0.47603591 0.43104209
1.5543500 -0.65038562 -0.017576649
1.5544000 -0.45652706 -0.47593551
1.5544500 0.016988677 -0.67153875
1.5545000 0.50001188 -0.47286412
1.5545500 0.70682428 0.012014794
1.5546000 0.51822800 0.50680652
1.5546500 0.037818320 0.73867365
1.5547000 -0.47968871 0.57744264
1.5547500 -0.75337049 0.093512039
1.5548000 -0.61277392 -0.46178081
1.5548500 -0.11154281 -0.76933080
1.5549000 0.47052930 -0.63493957
1.5549500 0.79431358 -0.13030692
1.5550000 0.68035183 0.45626694
1.5550500 0.19817163 0.80729527
1.5551000 -0.39863672 0.74002022
1.5551500 -0.80041954 0.27897859
1.5552000 -0.77983393 -0.34787324
1.5552500 -0.32189203 -0.79846788
1.5553000 0.32979969 -0.80454781
1.5553500 0.80388308 -0.35647461
1.5554000 0.84098313 0.28895925
1.5554500 0.43639357 0.78471665
1.5555000 -0.19400704 0.88371485
1.5555500 -0.73577251 0.53544571
1.5556000 -0.90899565 -0.097966051
1.5556500 -0.60106786 -0.69456740
1.5557000 0.041507365 -0.92258941
1.5557500 0.66697066 -0.64712404
1.5558000 0.93499704 -0.026050994
1.5558500 0.72111500 0.60443715
1.5559000 0.15135611 0.93334013
1.5559500 -0.49428677 0.81020483
1.5560000 -0.90694707 0.28884445
1.5560500 -0.87181153 -0.38802536
1.5561000 -0.38429802 -0.87629536
1.5561500 0.31030408 -0.90833395
1.5562000 0.84227703 -0.46726427
1.5562500 0.94461326 0.20450981
1.5563000 0.58998208 0.76918805
1.5563500 -0.037248790 0.97100936
1.5564000 -0.64903897 0.72557609
1.5564500 -0.96512441 0.13784926
1.5565000 -0.82213514 -0.52640541
1.5565500 -0.27017222 -0.93957121
1.5566000 0.41942560 -0.88491343
1.5566500 0.89788853 -0.39528699
1.5567000 0.94371418 0.27427128
1.5567500 0.56098862 0.80873411
1.5568000 -0.063898871 0.98338047
1.5568500 -0.66146294 0.73171790
1.5569000 -0.97473657 0.15587829
1.5569500 -0.85229083 -0.49936231
1.5570000 -0.33228695 -0.93102759
1.5570500 0.34567528 -0.92704490
1.5571000 0.85830377 -0.49400513
1.5571500 0.97945267 0.15230569
1.5572000 0.68077071 0.72158529
1.5572500 0.10685591 0.98694087
1.5573000 -0.50784083 0.85360188
1.5573500 -0.92081339 0.37351382
1.5574000 -0.95726549 -0.26802121
1.5574500 -0.58548844 -0.80386387
1.5575000 0.043318928 -0.99398260
1.5575500 0.65086315 -0.75313733
1.5576000 0.97585060 -0.19881487
1.5576500 0.90134629 0.42461014
1.5577000 0.48114262 0.87293148
1.5577500 -0.11368945 0.99057481
1.5578000 -0.66585845 0.74252095
1.5578500 -0.97407355 0.21528464
1.5579000 -0.91350541 -0.40137084
1.5579500 -0.49326195 -0.86758434
1.5580000 0.12517304 -0.99033840
1.5580500 0.69026850 -0.72138525
1.5581000 0.98217728 -0.18055857
1.5581500 0.90844704 0.41516170
1.5582000 0.51825597 0.85402062
1.5582500 -0.042406585 0.99819390
1.5583000 -0.58720003 0.80844700
1.5583500 -0.93772657 0.34528977
1.5584000 -0.96949814 -0.24243151
1.5584500 -0.65871252 -0.75161813
1.5585000 -0.10871588 -0.99354934
1.5585500 0.47877261 -0.87741638
1.5586000 0.89040171 -0.45429405
1.5586500 0.99313061 0.11398692
1.5587000 0.77342410 0.63340683
1.5587500 0.31822201 0.94773169
1.5588000 -0.22854022 0.97328670
1.5588500 -0.70671651 0.70718794
1.5589000 -0.97429186 0.22440038
1.5589500 -0.94233932 -0.33410924
1.5590000 -0.60957506 -0.79251543
1.5590500 -0.077569065 -0.99683251
1.5591000 0.47761020 -0.87841325
1.5591500 0.87485641 -0.48412383
1.5592000 0.99865683 0.049600038
1.5592500 0.83002461 0.55754597
1.5593000 0.43357319 0.90101702
1.5593500 -0.075394809 0.99706996
1.5594000 -0.56272961 0.82654750
1.5594500 -0.90137190 0.43287924
1.5595000 -0.99640692 -0.083893326
1.5595500 -0.81208569 -0.58342985
1.5596000 -0.39256952 -0.91965848
1.5596500 0.14147760 -0.98988694
1.5597000 0.63110948 -0.77563058
1.5597500 0.93731904 -0.34834587
1.5598000 0.98649200 0.16356851
1.5598500 0.78221115 0.62295684
1.5599000 0.38910082 0.92116086
1.5599500 -0.092949580 0.99564216
1.5600000 -0.55173351 0.83398938
1.5600500 -0.88126423 0.47257380
1.5601000 -0.99994958 -0.0075801632
1.5601500 -0.87071615 -0.49174555
1.5602000 -0.51815133 -0.85526782
1.5602500 -0.030582775 -0.99951590
1.5603000 0.46271572 -0.88649021
1.5603500 0.83368508 -0.55221656
1.5604000 0.99590254 -0.090305024
1.5604500 0.92376991 0.38292109
1.5605000 0.64777565 0.76181904
1.5605500 0.23681886 0.97154522
1.5606000 -0.22066235 0.97534241
1.5606500 -0.63184659 0.77508431
1.5607000 -0.91219832 0.40973277
1.5607500 -0.99883824 -0.048058663
1.5608000 -0.86554407 -0.50082094
1.5608500 -0.53519211 -0.84472374
1.5609000 -0.081018241 -0.99670733
1.5609500 0.39005336 -0.92078690
1.5610000 0.76860886 -0.63971184
1.5610500 0.97434295 -0.22504953
1.5611000 0.97369096 0.22785528
1.5611500 0.77956675 0.62631330
1.5612000 0.43958643 0.89819648
1.5612500 0.021572196 0.99976408
1.5613000 -0.39862039 0.91711271
1.5613500 -0.74653517 0.66534163
1.5614000 -0.95788510 0.28714225
1.5614500 -0.98862604 -0.15037740
1.5615000 -0.82599275 -0.56367639
1.5615500 -0.49664052 -0.86795369
1.5616000 -0.065753557 -0.99783375
1.5616500 0.37680308 -0.92629126
1.5617000 0.74011508 -0.67247756
1.5617500 0.95575029 -0.29417362
1.5618000 0.99142766 0.13064540
1.5618500 0.85184326 0.52379418
1.5619000 0.57062059 0.82121231
1.5619500 0.19951371 0.97989386
1.5620000 -0.20105453 0.97957895
1.5620500 -0.56914829 0.82223365
1.5621000 -0.84726540 0.53116794
1.5621500 -0.98871285 0.14981654
1.5622000 -0.96523628 -0.26137535
1.5622500 -0.77485116 -0.63214230
1.5623000 -0.44663070 -0.89471743
1.5623500 -0.038335263 -0.99926409
1.5624000 0.37505718 -0.92700080
1.5624500 0.71905372 -0.69495337
1.5625000 0.93675890 -0.34997325
1.5625500 0.99899709 0.044759474
1.5626000 0.90542253 0.42450995
1.5626500 0.67908902 0.73405506
1.5627000 0.35860061 0.93349043
1.5627500 -0.0090900646 0.99995811
1.5628000 -0.37414577 0.92736931
1.5628500 -0.68800375 0.72570640
1.5629000 -0.90732157 0.42043613
1.5629500 -0.99867285 0.051493185
1.5630000 -0.94416408 -0.32947420
1.5630500 -0.74685595 -0.66498516
1.5631000 -0.43360396 -0.90110306
1.5631500 -0.052678979 -0.99861108
1.5632000 0.33484466 -0.94227292
1.5632500 0.66789057 -0.74425898
1.5633000 0.89790338 -0.44019178
1.5633500 0.99681419 -0.079754499
1.5634000 0.95878862 0.28411922
1.5634500 0.79702851 0.60394116
1.5635000 0.53828579 0.84276200
1.5635500 0.21739340 0.97608376
1.5636000 -0.12705040 0.99189596
1.5636500 -0.45579297 0.89008548
1.5637000 -0.73140861 0.68193903
1.5637500 -0.92089407 0.38981214
1.5638000 -0.99891988 0.046459385
1.5638500 -0.95175289 -0.30686451
1.5639000 -0.78109069 -0.62441711
1.5639500 -0.50629622 -0.86235929
1.5640000 -0.16332071 -0.98657274
1.5640500 0.20055331 -0.97968250
1.5641000 0.53525546 -0.84468992
1.5641500 0.79718793 -0.60373081
1.5642000 0.95625220 -0.29254271
1.5642500 0.99888988 0.047101264
1.5643000 0.92724960 0.37444321
1.5643500 0.75591162 0.65467335
1.5644000 0.50786335 0.86143740
1.5644500 0.21091128 0.97750499
1.5645000 -0.10500623 0.99447135
1.5645500 -0.40970122 0.91221954
1.5646000 -0.67420687 0.73854226
1.5646500 -0.87230143 0.48896807
1.5647000 -0.98245061 0.18652170
1.5647500 -0.99027998 -0.13908662
1.5648000 -0.89129451 -0.45342433
1.5648500 -0.69310727 -0.72083412
1.5649000 -0.41613532 -0.90930243
1.5649500 -0.091855247 -0.99577212
1.5650000 0.24156594 -0.97038415
1.5650500 0.54538018 -0.83818851
1.5651000 0.78641166 -0.61770238
1.5651500 0.94154286 -0.33689255
1.5652000 0.99960729 -0.028014702
1.5652500 0.96082060 0.27717025
1.5653000 0.83461420 0.55083456
1.5653500 0.63690202 0.77094448
1.5654000 0.38755215 0.92184756
1.5654500 0.10843229 0.99410363
1.5655000 -0.17794332 0.98404052
1.5655500 -0.44934451 0.89335831
1.5656000 -0.68459681 0.72892163
1.5656500 -0.86445593 0.50270813
1.5657000 -0.97277907 0.23173341
1.5657500 -0.99805477 -0.062338970
1.5658000 -0.93515489 -0.35423831
1.5658500 -0.78693541 -0.61703492
1.5659000 -0.56512103 -0.82500766
1.5659500 -0.28989263 -0.95705886
1.5660000 0.012137965 -0.99992603
1.5660500 0.31136637 -0.95028963
1.5661000 0.57930060 -0.81511362
1.5661500 0.79230786 -0.61012102
1.5662000 0.93413452 -0.35692032
1.5662500 0.99682272 -0.079648378
1.5663000 0.98019258 0.19804521
1.5663500 0.89040473 0.45516899
1.5664000 0.73818483 0.67459806
1.5664500 0.53715486 0.84348326
1.5665000 0.30250754 0.95314664
1.5665500 0.050075726 0.99874508
1.5666000 -0.20427122 0.97891396
1.5666500 -0.44503136 0.89551456
1.5667000 -0.65741772 0.75352581
1.5667500 -0.82778144 0.56104994
1.5668000 -0.94421103 0.32933970
1.5668500 -0.99735307 0.072704453
1.5669000 -0.98141849 -0.19187704
1.5669500 -0.89523305 -0.44559713
1.5670000 -0.74308439 -0.66919695
1.5670500 -0.53505566 -0.84481618
1.5671000 -0.28657078 -0.95805849
1.5671500 -0.017039775 -0.99985423
1.5672000 0.25224979 -0.96766153
1.5672500 0.50059571 -0.86568047
1.5673000 0.71017219 -0.70402708
1.5673500 0.86768768 -0.49710833
1.5674000 0.96516833 -0.26162688
1.5674500 0.99989175 -0.014661346
1.5675000 0.97369375 0.22785715
1.5675500 0.89194884 0.45213451
1.5676000 0.76249543 0.64699228
1.5676500 0.59468952 0.80395436
1.5677000 0.39867369 0.91709186
1.5677500 0.18487253 0.98276156
1.5678000 -0.036322280 0.99933916
1.5678500 -0.25473605 0.96700957
1.5679000 -0.46052978 0.88764304
1.5679500 -0.64431568 0.76475813
1.5680000 -0.79732352 0.60355009
1.5680500 -0.91165958 0.41094293
1.5681000 -0.98068108 0.19560580
1.5681500 -0.99948178 -0.032138603
1.5682000 -0.96544802 -0.26058878
1.5682500 -0.87880239 -0.47718176
1.5683000 -0.74301455 -0.66927208
1.5683500 -0.56494284 -0.82512727
1.5684000 -0.35459155 -0.93501870
1.5684500 -0.12443618 -0.99222503
1.5685000 0.11163019 -0.99374711
1.5685500 0.33957329 -0.94057660
1.5686000 0.54649561 -0.83745842
1.5686500 0.72169510 -0.69220654
1.5687000 0.85734890 -0.51472924
1.5687500 0.94876798 -0.31596233
1.5688000 0.99426686 -0.10689125
1.5688500 0.99475799 0.10221684
1.5689000 0.95320135 0.30232148
1.5689500 0.87402593 0.48586943
1.5690000 0.76260526 0.64685623
1.5690500 0.62483204 0.78075223
1.5691000 0.46680522 0.88435363
1.5691500 0.29462213 0.95560744
1.5692000 0.11425612 0.99344480
1.5692500 -0.068503705 0.99764391
1.5693000 -0.24807477 0.96873316
1.5693500 -0.41908721 0.90793699
1.5694000 -0.57639332 0.81716136
1.5694500 -0.71509682 0.69901102
1.5695000 -0.83061543 0.55682619
1.5695500 -0.91878646 0.39472269
1.5696000 -0.97602005 0.21761494
1.5696500 -0.99949722 0.031198707
1.5697000 -0.98740029 -0.15813056
1.5697500 -0.93915219 -0.34344473
1.5698000 -0.85562977 -0.51754733
1.5698500 -0.73930859 -0.67333244
1.5699000 -0.59429574 -0.80421524
1.5699500 -0.42621689 -0.90459049
1.5700000 -0.24194409 -0.97025886
1.5700500 -0.049179536 -0.99875622
1.5701000 0.14406022 -0.98953102
1.5701500 0.32999311 -0.94393908
1.5702000 0.50157962 -0.86505787
1.5702500 0.65292593 -0.75735429
1.5703000 0.77954113 -0.62626209
1.5703500 0.87843670 -0.47773295
1.5704000 0.94808362 -0.31781891
1.5704500 0.98826083 -0.15232678
1.5705000 0.99983652 0.013434513
1.5705500 0.98452195 0.17481130
1.5706000 0.94462951 0.32787791
1.5706500 0.88285658 0.46944244
1.5707000 0.80210701 0.59700569
1.5707500 0.70535354 0.70869158
1.5708000 0.59553945 0.80316444
1.5708500 0.47551407 0.87954408
1.5709000 0.34799605 0.93732619
1.5709500 0.21555801 0.97631250
1.5710000 0.080626815 0.99655363
1.5710500 -0.054506170 0.99830561
1.5711000 -0.18766964 0.98200009
1.5711500 -0.31679584 0.94822679
1.5712000 -0.43990582 0.89772682
1.5712500 -0.55509904 0.83139481
1.5713000 -0.66054931 0.75028814
1.5713500 -0.75450873 0.65564055
1.5714000 -0.83532043 0.54887739
1.5714500 -0.90143980 0.43163003
1.5715000 -0.95146391 0.30574803
1.5715500 -0.98417023 0.17330753
1.5716000 -0.99856595 0.036612198
1.5716500 -0.99394705 -0.10181920
1.5717000 -0.96996255 -0.23928397
1.5717500 -0.92667730 -0.37294879
1.5718000 -0.86462546 -0.49992601
1.5718500 -0.78484576 -0.61737153
1.5719000 -0.68888865 -0.72259883
1.5719500 -0.57878776 -0.81319682
1.5720000 -0.45699696 -0.88713541
1.5720500 -0.32630437 -0.94284837
1.5721000 -0.18973450 -0.97929419
1.5721500 -0.050439558 -0.99599944
1.5722000 0.088422261 -0.99307987
1.5722500 0.22381685 -0.97123071
1.5723000 0.35296143 -0.93168178
1.5723500 0.47343827 -0.87611820
1.5724000 0.58328442 -0.80656837
1.5724500 0.68104099 -0.72526389
1.5725000 0.76574319 -0.63449305
1.5725500 0.83685446 -0.53648748
1.5726000 0.89418340 -0.43336712
1.5726500 0.93782442 -0.32712545
1.5727000 0.96812706 -0.21961946
1.5727500 0.98567610 -0.11254851
1.5728000 0.99126963 -0.0074231945
1.5728500 0.98588774 0.094475251
1.5729000 0.97063625 0.19214172
1.5729500 0.94664969 0.28487285
1.5730000 0.91497637 0.37222592
1.5730500 0.87651533 0.45390763
1.5731000 0.83204685 0.52966282
1.5731500 0.78231442 0.59923168
1.5732000 0.72809225 0.66237405
1.5732500 0.67021287 0.71892545
1.5733000 0.60955248 0.76886457
1.5733500 0.54696017 0.81237210
1.5734000 0.48313001 0.84982635
1.5734500 0.41848972 0.88167854
1.5735000 0.35322706 0.90825836
1.5735500 0.28746440 0.92966707
1.5736000 0.22144188 0.94583700
1.5736500 0.15559417 0.95668360
1.5737000 0.090519748 0.96225615
1.5737500 0.026868813 0.96285118
1.5738000 -0.034848462 0.95904591
1.5738500 -0.094475876 0.95156254
1.5739000 -0.15226226 0.94095273
1.5739500 -0.20860882 0.92732530
1.5740000 -0.26368055 0.91038527
1.5740500 -0.31719977 0.88974480
1.5741000 -0.36851414 0.86525216
1.5741500 -0.41683142 0.83719317
1.5742000 -0.46154287 0.80633455
1.5742500 -0.50257353 0.77373204
1.5743000 -0.54053655 0.74024236
1.5743500 -0.57639668 0.70599106
1.5744000 -0.61076047 0.67031594
1.5744500 -0.64339516 0.63231652
1.5745000 -0.67333732 0.59153169
1.5745500 -0.69938820 0.54830937
1.5746000 -0.72069931 0.50380475
1.5746500 -0.73730119 0.45961670
1.5747000 -0.75032372 0.41702823
1.5747500 -0.76149887 0.37615293
1.5748000 -0.77200729 0.33576767
1.5748500 -0.78159531 0.29420976
1.5749000 -0.78875196 0.25060334
1.5749500 -0.79166079 0.20548090
1.5750000 -0.78922091 0.16062295
1.5750500 -0.78176752 0.11832661
1.5751000 -0.77122219 0.080247231
1.5751500 -0.76026257 0.046243776
1.5752000 -0.75063331 0.014224568
1.5752500 -0.74186939 -0.018464798
1.5753000 -0.73164991 -0.053152884
1.5753500 -0.71738780 -0.088977134
1.5754000 -0.69779568 -0.12336888
1.5754500 -0.67372249 -0.15334554
1.5755000 -0.64802574 -0.17711889
1.5755500 -0.62424678 -0.19540283
1.5756000 -0.60442665 -0.21134535
1.5756500 -0.58761219 -0.22858548
1.5757000 -0.57050825 -0.24878628
1.5757500 -0.54972889 -0.27063882
1.5758000 -0.52385900 -0.29077410
1.5758500 -0.49427937 -0.30566034
1.5759000 -0.46462340 -0.31356894
1.5759500 -0.43896065 -0.31583546
1.5760000 -0.41932145 -0.31645471
1.5760500 -0.40420065 -0.31972118
1.5761000 -0.38948315 -0.32743639
1.5761500 -0.37114932 -0.33787231
1.5762000 -0.34767442 -0.34701527
1.5762500 -0.32080397 -0.35092155
1.5763000 -0.29465161 -0.34790511
1.5763500 -0.27354309 -0.33967403
1.5764000 -0.25944495 -0.33065998
1.5764500 -0.25054156 -0.32547734
1.5765000 -0.24226475 -0.32602266
1.5765500 -0.23017125 -0.33037345
1.5766000 -0.21254978 -0.33413079
1.5766500 -0.19123910 -0.33301466
1.5767000 -0.17056517 -0.32520026
1.5767500 -0.15502911 -0.31240747
1.5768000 -0.14672436 -0.29914783
1.5768500 -0.14391760 -0.29020595
1.5769000 -0.14196856 -0.28773075
1.5769500 -0.13614747 -0.28996375
1.5770000 -0.12438690 -0.29242683
1.5770500 -0.10829519 -0.29055779
1.5771000 -0.092162835 -0.28218212
1.5771500 -0.080645639 -0.26869739
1.5772000 -0.076180912 -0.25442499
1.5772500 -0.077466450 -0.24425208
1.5773000 -0.080101528 -0.24075677
1.5773500 -0.079176251 -0.24267766
1.5774000 -0.072114232 -0.24574742
1.5774500 -0.060003168 -0.24519584
1.5775000 -0.046871577 -0.23834274
1.5775500 -0.037495014 -0.22600601
1.5776000 -0.034806796 -0.21211375
1.5776500 -0.038186552 -0.20160305
1.5777000 -0.043706957 -0.19760648
1.5777500 -0.046374673 -0.19961737
1.5778000 -0.042996582 -0.20383476
1.5778500 -0.033890481 -0.20538143
1.5779000 -0.022589895 -0.20097021
1.5779500 -0.013900667 -0.19061704
1.5780000 -0.011332721 -0.17763973
1.5780500 -0.015150816 -0.16690925
1.5781000 -0.022145538 -0.16215334
1.5781500 -0.027411841 -0.16382329
1.5782000 -0.027131653 -0.16886261
1.5782500 -0.020658801 -0.17248607
1.5783000 -0.010766020 -0.17081613
1.5783500 -0.0020901251 -0.16291547
1.5784000 0.0013386741 -0.15125988
1.5784500 -0.0017292578 -0.14043829
1.5785000 -0.0090262652 -0.13466633
1.5785500 -0.015988292 -0.13542631
1.5786000 -0.018310861 -0.14064168
1.5786500 -0.014320834 -0.14588513
1.5787000 -0.0058104926 -0.14683513
1.5787500 0.0030009935 -0.14156730
1.5788000 0.0077257390 -0.13153673
1.5788500 0.0061406203 -0.12080926
1.5789000 -0.00058314925 -0.11389162
1.5789500 -0.0084825322 -0.11325633
1.5790000 -0.012989061 -0.11796554
1.5790500 -0.011449048 -0.12422183
1.5791000 -0.0045213696 -0.12748353
1.5791500 0.0042482899 -0.12489847
1.5792000 0.010340190 -0.11677993
1.5792500 0.010649473 -0.10643117
1.5793000 0.0051571519 -0.098403130
1.5793500 -0.0030230805 -0.096038750
1.5794000 -0.0093293629 -0.099632917
1.5794500 -0.010252810 -0.10628274
1.5795000 -0.0052198430 -0.11150336
1.5795500 0.0031597323 -0.11164561
1.5796000 0.010517214 -0.10579988
1.5796500 0.013027163 -0.096252064
1.5797000 0.0094283344 -0.087285841
1.5797500 0.0017207389 -0.082908829
1.5798000 -0.0058925741 -0.084683018
1.5798500 -0.0092872820 -0.090879188
1.5799000 -0.0066398347 -0.097444268
1.5799500 0.00064286986 -0.10019923
1.5800000 0.0087215112 -0.097037143
1.5800500 0.013358742 -0.088997914
1.5801000 0.012139940 -0.079713902
1.5801500 0.0057591410 -0.073498392
1.5802000 -0.0023338822 -0.073039861
1.5802500 -0.0077890714 -0.077950540
1.5803000 -0.0077023776 -0.084995783
1.5803500 -0.0021433647 -0.089858594
1.5804000 0.0059317569 -0.089432158
1.5804500 0.012263870 -0.083426021
1.5805000 0.013521579 -0.074500012
1.5805500 0.0090526956 -0.066871385
1.5806000 0.0012451408 -0.064084935
1.5806500 -0.0057393071 -0.067113693
1.5807000 -0.0081996594 -0.073843909
1.5807500 -0.0048629487 -0.080231636
1.5808000 0.0024796877 -0.082463210
1.5808500 0.0099515768 -0.078943757
1.5809000 0.013625083 -0.071106847
1.5809500 0.011570454 -0.062661409
1.5810000 0.0048779637 -0.057648990
1.5810500 -0.0029076554 -0.058300707
1.5811000 -0.0076758249 -0.063847821
1.5811500 -0.0069394696 -0.070949610
1.5812000 -0.0011278315 -0.075486812
1.5812500 0.0066779385 -0.074725343
1.5813000 0.012373561 -0.068721181
1.5813500 0.012967282 -0.060277990
1.5814000 0.0081432028 -0.053486593
1.5814500 0.00043814506 -0.051576630
1.5815000 -0.0060957631 -0.055204149
1.5815500 -0.0080435229 -0.062111807
1.5816000 -0.0044224352 -0.068345459
1.5816500 0.0028344693 -0.070343105
1.5817000 0.0099163373 -0.066778630
1.5817500 0.013120168 -0.059230736
1.5818000 0.010771476 -0.051358460
1.5818500 0.0041033110 -0.046994488
1.5819000 -0.0033850618 -0.048129450
1.5819500 -0.0077774496 -0.053862934
1.5820000 -0.0068064596 -0.060896142
1.5820500 -0.0010225717 -0.065284506
1.5821000 0.0065257589 -0.064494493
1.5821500 0.011891295 -0.058699557
1.5822000 0.012271871 -0.050678391
1.5822500 0.0074658425 -0.044373170
1.5823000 -1.5687314E-005 -0.042831733
1.5823500 -0.0062652030 -0.046605243
1.5824000 -0.0080374085 -0.053466442
1.5824500 -0.0044426868 -0.059597811
1.5825000 0.0026160621 -0.061593118
1.5825500 0.0094549711 -0.058212408
1.5826000 0.012518682 -0.051006240
1.5826500 0.010215576 -0.043509818
1.5827000 0.0037470017 -0.039410474
1.5827500 -0.0035152322 -0.040622279
1.5828000 -0.0077972425 -0.046285669
1.5828500 -0.0068984532 -0.053232582
1.5829000 -0.0013209850 -0.057655683
1.5829500 0.0060184494 -0.057082025
1.5830000 0.011309389 -0.051633414
1.5830500 0.011810899 -0.043952141
1.5831000 0.0072658897 -0.037835969
1.5831500 3.8077582E-005 -0.036268248
1.5832000 -0.0061200275 -0.039862277
1.5832500 -0.0080298460 -0.046549587
1.5833000 -0.0047351468 -0.052675938
1.5833500 0.0020261800 -0.054906476
1.5834000 0.0087421263 -0.051937219
1.5834500 0.011940215 -0.045149985
1.5835000 0.0099717636 -0.037894683
1.5835500 0.0038634199 -0.033759885
1.5836000 -0.0032141949 -0.034710423
1.5836500 -0.0076003530 -0.040067590
1.5837000 -0.0070501410 -0.046876424
1.5837500 -0.0018842890 -0.051455103
1.5838000 0.0052008291 -0.051297527
1.5838500 0.010535012 -0.046349139
1.5839000 0.011359992 -0.039024032
1.5839500 0.0072470768 -0.032961604
1.5840000 0.00032118624 -0.031147381
1.5840500 -0.0058405522 -0.034364223
1.5841000 -0.0080694965 -0.040791691
1.5841500 -0.0052432785 -0.046964336
1.5842000 0.0011532633 -0.049570347
1.5842500 0.0078106064 -0.047147626
1.5843000 0.011297165 -0.040820483
1.5843500 0.0098157948 -0.033718078
1.5844000 0.0041275146 -0.029367509
1.5844500 -0.0028390303 -0.029874368
1.5845000 -0.0075045844 -0.034835227
1.5845500 -0.0074918749 -0.041557100
1.5846000 -0.0028406836 -0.046460999
1.5846500 0.0040335769 -0.046923376
1.5847000 0.0095909393 -0.042608081
1.5847500 0.010977899 -0.035626950
1.5848000 0.0074853445 -0.029455983
1.5848500 0.00091294643 -0.027150734
1.5849000 -0.0053591460 -0.029771858
1.5849500 -0.0081185819 -0.035843503
1.5850000 -0.0059737707 -0.042128275
1.5850500 -5.2479367E-005 -0.045301548
1.5851000 0.0065950860 -0.043649430
1.5851500 0.010562286 -0.037931080
1.5852000 0.0098234583 -0.030983013
1.5852500 0.0047682685 -0.026266676
1.5853000 -0.0019987685 -0.026091269
1.5853500 -0.0070022037 -0.030426728
1.5854000 -0.0076880947 -0.036928802
1.5854500 -0.0037286076 -0.042157875
1.5855000 0.0028282382 -0.043345730
1.5855500 0.0086187934 -0.039800625
1.5856000 0.010681293 -0.033249351
1.5856500 0.0079645046 -0.026952725
1.5857000 0.0018653955 -0.024038009
1.5857500 -0.0044876961 -0.025894232
1.5858000 -0.0078456866 -0.031461753
1.5858500 -0.0065063086 -0.037787114
1.5859000 -0.0011739967 -0.041545566
1.5859500 0.0054159996 -0.040736420
1.5860000 0.0098981537 -0.035691220
1.5860500 0.0099873592 -0.028897806
1.5861000 0.0056407493 -0.023732255
1.5861500 -0.00092050809 -0.022735015
1.5862000 -0.0063505437 -0.026311329
1.5862500 -0.0078958255 -0.032531062
1.5863000 -0.0047983906 -0.038128916
1.5863500 0.0013334070 -0.040176798
1.5864000 0.0073582573 -0.037567080
1.5864500 0.010201925 -0.031564024
1.5865000 0.0084166880 -0.025155655
1.5865500 0.0029165188 -0.021531642
1.5866000 -0.0034909919 -0.022454775
1.5866500 -0.0075442742 -0.027362331
1.5867000 -0.0071966238 -0.033663747
1.5867500 -0.0026515425 -0.038073829
1.5868000 0.0037565310 -0.038286011
1.5868500 0.0087575557 -0.034134754
1.5869000 0.0098050681 -0.027671207
1.5869500 0.0063667611 -0.022119583
1.5870000 0.00019495830 -0.020236638
1.5870500 -0.0055684031 -0.022905907
1.5871000 -0.0079985555 -0.028691293
1.5871500 -0.0058769593 -0.034579664
1.5872000 -0.00029923584 -0.037520977
1.5872500 0.0058944188 -0.035972227
1.5873000 0.0095630736 -0.030669285
1.5873500 0.0088535913 -0.024248298
1.5874000 0.0041383082 -0.019907990
1.5874500 -0.0021750810 -0.019783723
1.5875000 -0.0068723022 -0.023861466
1.5875500 -0.0075717801 -0.029991940
1.5876000 -0.0039302529 -0.034993667
1.5876500 0.0021959494 -0.036270298
1.5877000 0.0077005067 -0.033118268
1.5877500 0.0097985657 -0.027074383
1.5878000 0.0074321448 -0.021136030
1.5878500 0.0018048302 -0.018243589
1.5879000 -0.0042300944 -0.019788745
1.5879500 -0.0076221381 -0.024910953
1.5880000 -0.0066720945 -0.030943676
1.5880500 -0.0018836556 -0.034774623
1.5881000 0.0043052335 -0.034418726
1.5881500 0.0087607111 -0.030011074
1.5882000 0.0092331977 -0.023730805
1.5882500 0.0054900874 -0.018698095
1.5883000 -0.00056898153 -0.017395295
1.5883500 -0.0058785225 -0.020410105
1.5884000 -0.0077654780 -0.026144159
1.5884500 -0.0053004645 -0.031634119
1.5885000 0.00024446781 -0.034057156
1.5885500 0.0060508572 -0.032151952
1.5886000 0.0091796710 -0.026845483
1.5886500 0.0080515397 -0.020779837
1.5887000 0.0032421263 -0.016976754
1.5887500 -0.0028106047 -0.017308572
1.5888000 -0.0070444057 -0.021551312
1.5888500 -0.0073255750 -0.027504772
1.5889000 -0.0035227035 -0.032113869
1.5889500 0.0024382549 -0.033012609
1.5890000 0.0075523100 -0.029709766
1.5890500 0.0092482846 -0.023829045
1.5891000 0.0066806653 -0.018289159
1.5891500 0.0011545051 -0.015832439
1.5892000 -0.0045351931 -0.017640371
1.5892500 -0.0075189182 -0.022739862
1.5893000 -0.0063014350 -0.028502860
1.5893500 -0.0015074001 -0.031978554
1.5894000 0.0044443677 -0.031377016
1.5894500 0.0085619765 -0.026960791
1.5895000 0.0087818142 -0.020906662
1.5895500 0.0050027319 -0.016209634
1.5896000 -0.00086541224 -0.015175208
1.5896500 -0.0058679919 -0.018258709
1.5897000 -0.0074987793 -0.023842022
1.5897500 -0.0049595892 -0.029058945
1.5898000 0.00044920247 -0.031242741
1.5898500 0.0059930076 -0.029261757
1.5899000 0.0088791875 -0.024079015
1.5899500 0.0076567088 -0.018263577
1.5900000 0.0029427223 -0.014698252
1.5900500 -0.0028902858 -0.015128690
1.5901000 -0.0069131256 -0.019286134
1.5901500 -0.0071170069 -0.025029749
1.5902000 -0.0034188371 -0.029432007
1.5902500 0.0023077404 -0.030251121
1.5903000 0.0071798754 -0.027049710
1.5903500 0.0087512711 -0.021407285
1.5904000 0.0062365257 -0.016125521
1.5904500 0.00090403580 -0.013821439
1.5905000 -0.0045631387 -0.015611911
1.5905500 -0.0074193515 -0.020554479
1.5906000 -0.0062361882 -0.026127589
1.5906500 -0.0016126677 -0.029501658
1.5907000 0.0041339191 -0.028955253
1.5907500 0.0081314729 -0.024729650
1.5908000 0.0083875001 -0.018902997
1.5908500 0.0047828753 -0.014349407
1.5909000 -0.00087083024 -0.013299841
1.5909500 -0.0057428041 -0.016225375
1.5910000 -0.0074053163 -0.021607051
1.5910500 -0.0050470972 -0.026706315
1.5911000 0.00013115452 -0.028940622
1.5911500 0.0055277098 -0.027170252
1.5912000 0.0084431387 -0.022258764
1.5912500 0.0074263416 -0.016635143
1.5913000 0.0029960263 -0.013076801
1.5913500 -0.0026233909 -0.013318902
1.5914000 -0.0066216154 -0.017188049
1.5914500 -0.0070133021 -0.022697540
1.5915000 -0.0036270551 -0.027051893
1.5915500 0.0018200283 -0.028048383
1.5916000 0.0065894513 -0.025172708
1.5916500 0.0082914466 -0.019848641
1.5917000 0.0060775220 -0.014722441
1.5917500 0.0010632384 -0.012337475
1.5918000 -0.0042325146 -0.013859584
1.5918500 -0.0071527620 -0.018494403
1.5919000 -0.0062340611 -0.023890343
1.5919500 -0.0019340762 -0.027319725
1.5920000 0.0036036915 -0.027040545
1.5920500 0.0076220104 -0.023160704
1.5921000 0.0081228272 -0.017580973
1.5921500 0.0048615480 -0.013047332
1.5922000 -0.00053153313 -0.011781568
1.5922500 -0.0053666051 -0.014372678
1.5923000 -0.0072394096 -0.019486321
1.5923500 -0.0052290700 -0.024537147
1.5924000 -0.00034948994 -0.026981209
1.5924500 0.0049634454 -0.025579298
1.5925000 0.0080661334 -0.021006545
1.5925500 0.0074197764 -0.015511960
1.5926000 0.0033529900 -0.011797892
1.5926500 -0.0021048811 -0.011674142
1.5927000 -0.0062390545 -0.015158207
1.5927500 -0.0070046305 -0.020473115
1.5928000 -0.0040411095 -0.024940728
1.5928500 0.0011578904 -0.026317477
1.5929000 0.0059955555 -0.023905230
1.5929500 0.0080644725 -0.018890987
1.5930000 0.0063410524 -0.013752242
1.5930500 0.0016918376 -0.011022761
1.5931000 -0.0035612154 -0.012030665
1.5931500 -0.0068013364 -0.016239294
1.5932000 -0.0064214599 -0.021520868
1.5932500 -0.0026190817 -0.025221668
1.5933000 0.0027102400 -0.025481675
1.5933500 0.0069194861 -0.022153043
1.5934000 0.0079239088 -0.016867904
1.5934500 0.0052334775 -0.012225423
1.5935000 0.00019375680 -0.010499712
1.5935500 -0.0046863992 -0.012509681
1.5936000 -0.0069860562 -0.017215624
1.5936500 -0.0055753671 -0.022243308
1.5937000 -0.0011703437 -0.025068740
1.5937500 0.0040307006 -0.024269680
1.5938000 0.0074413340 -0.020225393
1.5938500 0.0073686542 -0.014923954
1.5939000 0.0038509197 -0.010974264
1.5939500 -0.0013634433 -0.010310395
1.5940000 -0.0056871550 -0.013231705
1.5940500 -0.0069816355 -0.018258278
1.5941000 -0.0046166599 -0.022871896
1.5941500 0.00022401715 -0.024768124
1.5942000 0.0051359562 -0.022995227
1.5942500 0.0076867394 -0.018419906
1.5943000 0.0066188816 -0.013294485
1.5943500 0.0024708651 -0.010139729
1.5944000 -0.0026918570 -0.010494503
1.5944500 -0.0063043402 -0.014153521
1.5945000 -0.0065760521 -0.019273486
1.5945500 -0.0033755239 -0.023291919
1.5946000 0.0017107540 -0.024197165
1.5946500 0.0061674474 -0.021519870
1.5947000 0.0077937419 -0.016560784
1.5947500 0.0057891289 -0.011746185
1.5948000 0.0011476491 -0.0094281203
1.5948500 -0.0038356998 -0.010721245
1.5949000 -0.0067030001 -0.014953852
1.5949500 -0.0060491663 -0.020005818
1.5950000 -0.0022110684 -0.023361551
1.5950500 0.0029067811 -0.023351760
1.5951000 0.0067768090 -0.019971563
1.5951500 0.0074949078 -0.014876964
1.5952000 0.0047170251 -0.010564423
1.5952500 -0.00017452635 -0.0091370474
1.5953000 -0.0047583311 -0.011266448
1.5953500 -0.0067742330 -0.015865499
1.5954000 -0.0052391979 -0.020633026
1.5954500 -0.00092590291 -0.023195280
1.5955000 0.0040268689 -0.022275924
1.5955500 0.0071733317 -0.018319667
1.5956000 0.0069663501 -0.013267503
1.5956500 0.0035182435 -0.0095960697
1.5957000 -0.0014578094 -0.0090935546
1.5957500 -0.0054980760 -0.011977078
1.5958000 -0.0066085673 -0.016789680
1.5958500 -0.0042485100 -0.021125966
1.5959000 0.00040843647 -0.022822348
1.5959500 0.0050583295 -0.021021993
1.5960000 0.0074039147 -0.016593162
1.5960500 0.0062854574 -0.011699181
1.5961000 0.0022512479 -0.0087317780
1.5961500 -0.0027137456 -0.0091316725
1.5962000 -0.0061686066 -0.012679097
1.5962500 -0.0064207132 -0.017605812
1.5963000 -0.0033565099 -0.021470554
1.5963500 0.0015087168 -0.022361251
1.5964000 0.0057805080 -0.019831343
1.5964500 0.0073623906 -0.015114232
1.5965000 0.0054839208 -0.010514057
1.5965500 0.0010766075 -0.0082716956
1.5966000 -0.0036877837 -0.0094627778
1.5966500 -0.0064694569 -0.013471670
1.5967000 -0.0059122552 -0.018300801
1.5967500 -0.0023055297 -0.021558717
1.5968000 0.0025659305 -0.021635727
1.5968500 0.0063038458 -0.018489782
1.5969000 0.0070747836 -0.013661443
1.5969500 0.0045085685 -0.0095134852
1.5970000 -0.00012289399 -0.0080678695
1.5970500 -0.0045350266 -0.010011606
1.5971000 -0.0065578921 -0.014362282
1.5971500 -0.0052032764 -0.018957234
1.5972000 -0.0011454629 -0.021520905
1.5972500 0.0036162730 -0.020781853
1.5973000 0.0067423026 -0.017092679
1.5973500 0.0067004697 -0.012253188
1.5974000 0.0035164660 -0.0086250398
1.5974500 -0.0012407706 -0.0079712094
1.5975000 -0.0052325152 -0.010590487
1.5975500 -0.0065013334 -0.015174023
1.5976000 -0.0044309288 -0.019453011
1.5976500 -4.3357360E-005 -0.021314572
1.5977000 0.0045073722 -0.019835696
1.5977500 0.0069926803 -0.015731181
1.5978000 0.0062001460 -0.011000133
1.5978500 0.0025256550 -0.0079447549
1.5979000 -0.0022231075 -0.0080411647
1.5979500 -0.0057162310 -0.011216822
1.5980000 -0.0062458754 -0.015890354
1.5980500 -0.0035610296 -0.019751833
1.5981000 0.0010153195 -0.020896133
1.5981500 0.0052387625 -0.018752764
1.5982000 0.0070429309 -0.014360596
1.5982500 0.0055491314 -0.0098565163
1.5983000 0.0014942698 -0.0074281725
1.5983500 -0.0031326536 -0.0082426194
1.5984000 -0.0060676809 -0.011876801
1.5984500 -0.0058814258 -0.016529517
1.5985000 -0.0026751982 -0.019907743
1.5985500 0.0019746937 -0.020348897
1.5986000 0.0057918883 -0.017629915
1.5986500 0.0069128909 -0.013071611
1.5987000 0.0047958497 -0.0088901719
1.5987500 0.00048275058 -0.0071123828
1.5988000 -0.0039135616 -0.0085846515
1.5988500 -0.0062461020 -0.012562041
1.5989000 -0.0053839641 -0.017078208
1.5989500 -0.0017606941 -0.019911222
1.5990000 0.0028439847 -0.019669103
1.5990500 0.0061773555 -0.016465502
1.5991000 0.0066138836 -0.011859633
1.5991500 0.0039471822 -0.0080918692
1.5992000 -0.00051184704 -0.0069877319
1.5992500 -0.0045791924 -0.0090659241
1.5993000 -0.0062683490 -0.013287923
1.5993500 -0.0047609515 -0.017570727
1.5994000 -0.00080227970 -0.019807986
1.5994500 0.0036678051 -0.018897734
1.5995000 0.0064641122 -0.015276787
1.5995500 0.0062221095 -0.010704681
1.5996000 0.0030627089 -0.0074035397
1.5996500 -0.0014680721 -0.0069725430
1.5997000 -0.0051559700 -0.0096072843
1.5997500 -0.0062011674 -0.014006596
1.5998000 -0.0040955615 -0.018011066
1.5998500 0.00013333805 -0.019657726
1.5999000 0.0044268241 -0.018134728
1.5999500 0.0066985908 -0.014173291
1.6000000 0.0058493112 -0.0096892473
