1.45e-06 2.84e-07 5.57e-07 4.3700000000000006e-07
1.45025e-06 2.84e-07 5.57e-07 4.3700000000000006e-07
1.4505e-06 2.84e-07 5.58e-07 4.3800000000000003e-07
1.4507499999999998e-06 2.84e-07 5.58e-07 4.3800000000000003e-07
1.4509999999999997e-06 2.84e-07 5.58e-07 4.3800000000000003e-07
1.4512499999999997e-06 2.84e-07 5.59e-07 4.3900000000000005e-07
1.4514999999999996e-06 2.84e-07 5.59e-07 4.3900000000000005e-07
1.4517499999999995e-06 2.84e-07 5.6e-07 4.4e-07
1.4519999999999994e-06 2.84e-07 5.6e-07 4.4e-07
1.4522499999999993e-06 2.84e-07 5.6e-07 4.4e-07
1.4524999999999992e-06 2.84e-07 5.61e-07 4.4100000000000004e-07
1.4527499999999991e-06 2.84e-07 5.61e-07 4.4100000000000004e-07
1.452999999999999e-06 2.84e-07 5.62e-07 4.4200000000000007e-07
1.453249999999999e-06 2.84e-07 5.62e-07 4.4200000000000007e-07
1.4534999999999989e-06 2.84e-07 5.62e-07 4.4200000000000007e-07
1.4537499999999988e-06 2.84e-07 5.63e-07 4.4300000000000004e-07
1.4539999999999987e-06 2.84e-07 5.63e-07 4.4300000000000004e-07
1.4542499999999986e-06 2.84e-07 5.64e-07 4.4400000000000006e-07
1.4544999999999985e-06 2.84e-07 5.64e-07 4.4400000000000006e-07
1.4547499999999984e-06 2.84e-07 5.64e-07 4.4400000000000006e-07
1.4549999999999984e-06 2.84e-07 5.65e-07 4.4500000000000003e-07
1.4552499999999983e-06 2.84e-07 5.65e-07 4.4500000000000003e-07
