0.0000000000e+000 2.5325015400e-003
1.5000000000e+000 2.5325015400e-003
1.5000000000e+000 2.6564411229e-003
3.0000000000e+000 2.6564411229e-003
3.0000000000e+000 2.7861625747e-003
4.5000000000e+000 2.7861625747e-003
4.5000000000e+000 2.9219204294e-003
6.0000000000e+000 2.9219204294e-003
6.0000000000e+000 3.0639796058e-003
7.5000000000e+000 3.0639796058e-003
7.5000000000e+000 3.2126157852e-003
9.0000000000e+000 3.2126157852e-003
9.0000000000e+000 3.3681158003e-003
1.0500000000e+001 3.3681158003e-003
1.0500000000e+001 3.5307780345e-003
1.2000000000e+001 3.5307780345e-003
1.2000000000e+001 3.7009128329e-003
1.3500000000e+001 3.7009128329e-003
1.3500000000e+001 3.8788429245e-003
1.5000000000e+001 3.8788429245e-003
1.5000000000e+001 4.0649038555e-003
1.6500000000e+001 4.0649038555e-003
1.6500000000e+001 4.2594444342e-003
1.8000000000e+001 4.2594444342e-003
1.8000000000e+001 4.4628271871e-003
1.9500000000e+001 4.4628271871e-003
1.9500000000e+001 4.6754288266e-003
2.1000000000e+001 4.6754288266e-003
2.1000000000e+001 4.8976407301e-003
2.2500000000e+001 4.8976407301e-003
2.2500000000e+001 5.1298694299e-003
2.4000000000e+001 5.1298694299e-003
2.4000000000e+001 5.3725371153e-003
2.5500000000e+001 5.3725371153e-003
2.5500000000e+001 5.6260821445e-003
2.7000000000e+001 5.6260821445e-003
2.7000000000e+001 5.8909595686e-003
2.8500000000e+001 5.8909595686e-003
2.8500000000e+001 6.1676416656e-003
3.0000000000e+001 6.1676416656e-003
3.0000000000e+001 6.4566184848e-003
3.1500000000e+001 6.4566184848e-003
3.1500000000e+001 6.7583984019e-003
3.3000000000e+001 6.7583984019e-003
3.3000000000e+001 7.0735086828e-003
3.4500000000e+001 7.0735086828e-003
3.4500000000e+001 7.4024960581e-003
3.6000000000e+001 7.4024960581e-003
3.6000000000e+001 7.7459273047e-003
3.7500000000e+001 7.7459273047e-003
3.7500000000e+001 8.1043898370e-003
3.9000000000e+001 8.1043898370e-003
3.9000000000e+001 8.4784923052e-003
4.0500000000e+001 8.4784923052e-003
4.0500000000e+001 8.8688652003e-003
4.2000000000e+001 8.8688652003e-003
4.2000000000e+001 9.2761614651e-003
4.3500000000e+001 9.2761614651e-003
4.3500000000e+001 9.7010571108e-003
4.5000000000e+001 9.7010571108e-003
4.5000000000e+001 1.0144251837e-002
4.6500000000e+001 1.0144251837e-002
4.6500000000e+001 1.0606469656e-002
4.8000000000e+001 1.0606469656e-002
4.8000000000e+001 1.1088459516e-002
4.9500000000e+001 1.1088459516e-002
4.9500000000e+001 1.1590995931e-002
5.1000000000e+001 1.1590995931e-002
5.1000000000e+001 1.2114879600e-002
5.2500000000e+001 1.2114879600e-002
5.2500000000e+001 1.2660938034e-002
5.4000000000e+001 1.2660938034e-002
5.4000000000e+001 1.3230026172e-002
5.5500000000e+001 1.3230026172e-002
5.5500000000e+001 1.3823026994e-002
5.7000000000e+001 1.3823026994e-002
5.7000000000e+001 1.4440852122e-002
5.8500000000e+001 1.4440852122e-002
5.8500000000e+001 1.5084442417e-002
6.0000000000e+001 1.5084442417e-002
6.0000000000e+001 1.5754768557e-002
6.1500000000e+001 1.5754768557e-002
6.1500000000e+001 1.6452831604e-002
6.3000000000e+001 1.6452831604e-002
6.3000000000e+001 1.7179663554e-002
6.4500000000e+001 1.7179663554e-002
6.4500000000e+001 1.7936327858e-002
6.6000000000e+001 1.7936327858e-002
6.6000000000e+001 1.8723919931e-002
6.7500000000e+001 1.8723919931e-002
6.7500000000e+001 1.9543567625e-002
6.9000000000e+001 1.9543567625e-002
6.9000000000e+001 2.0396431676e-002
7.0500000000e+001 2.0396431676e-002
7.0500000000e+001 2.1283706114e-002
7.2000000000e+001 2.1283706114e-002
7.2000000000e+001 2.2206618636e-002
7.3500000000e+001 2.2206618636e-002
7.3500000000e+001 2.3166430939e-002
7.5000000000e+001 2.3166430939e-002
7.5000000000e+001 2.4164439000e-002
7.6500000000e+001 2.4164439000e-002
7.6500000000e+001 2.5201973311e-002
7.8000000000e+001 2.5201973311e-002
7.8000000000e+001 2.6280399053e-002
7.9500000000e+001 2.6280399053e-002
7.9500000000e+001 2.7401116214e-002
8.1000000000e+001 2.7401116214e-002
8.1000000000e+001 2.8565559636e-002
8.2500000000e+001 2.8565559636e-002
8.2500000000e+001 2.9775198988e-002
8.4000000000e+001 2.9775198988e-002
8.4000000000e+001 3.1031538669e-002
8.5500000000e+001 3.1031538669e-002
8.5500000000e+001 3.2336117618e-002
8.7000000000e+001 3.2336117618e-002
8.7000000000e+001 3.3690509043e-002
8.8500000000e+001 3.3690509043e-002
8.8500000000e+001 3.5096320041e-002
9.0000000000e+001 3.5096320041e-002
9.0000000000e+001 3.6555191130e-002
9.1500000000e+001 3.6555191130e-002
9.1500000000e+001 3.8068795658e-002
9.3000000000e+001 3.8068795658e-002
9.3000000000e+001 3.9638839101e-002
9.4500000000e+001 3.9638839101e-002
9.4500000000e+001 4.1267058239e-002
9.6000000000e+001 4.1267058239e-002
9.6000000000e+001 4.2955220193e-002
9.7500000000e+001 4.2955220193e-002
9.7500000000e+001 4.4705121334e-002
9.9000000000e+001 4.4705121334e-002
9.9000000000e+001 4.6518586035e-002
1.0050000000e+002 4.6518586035e-002
1.0050000000e+002 4.8397465278e-002
1.0200000000e+002 4.8397465278e-002
1.0200000000e+002 5.0343635097e-002
1.0350000000e+002 5.0343635097e-002
1.0350000000e+002 5.2358994852e-002
1.0500000000e+002 5.2358994852e-002
1.0500000000e+002 5.4445465331e-002
1.0650000000e+002 5.4445465331e-002
1.0650000000e+002 5.6604986667e-002
1.0800000000e+002 5.6604986667e-002
1.0800000000e+002 5.8839516070e-002
1.0950000000e+002 5.8839516070e-002
1.0950000000e+002 6.1151025357e-002
1.1100000000e+002 6.1151025357e-002
1.1100000000e+002 6.3541498288e-002
1.1250000000e+002 6.3541498288e-002
1.1250000000e+002 6.6012927689e-002
1.1400000000e+002 6.6012927689e-002
1.1400000000e+002 6.8567312369e-002
1.1550000000e+002 6.8567312369e-002
1.1550000000e+002 7.1206653813e-002
1.1700000000e+002 7.1206653813e-002
1.1700000000e+002 7.3932952660e-002
1.1850000000e+002 7.3932952660e-002
1.1850000000e+002 7.6748204956e-002
1.2000000000e+002 7.6748204956e-002
1.2000000000e+002 7.9654398179e-002
1.2150000000e+002 7.9654398179e-002
1.2150000000e+002 8.2653507041e-002
1.2300000000e+002 8.2653507041e-002
1.2300000000e+002 8.5747489057e-002
1.2450000000e+002 8.5747489057e-002
1.2450000000e+002 8.8938279893e-002
1.2600000000e+002 8.8938279893e-002
1.2600000000e+002 9.2227788489e-002
1.2750000000e+002 9.2227788489e-002
1.2750000000e+002 9.5617891963e-002
1.2900000000e+002 9.5617891963e-002
1.2900000000e+002 9.9110430291e-002
1.3050000000e+002 9.9110430291e-002
1.3050000000e+002 1.0270720079e-001
1.3200000000e+002 1.0270720079e-001
1.3200000000e+002 1.0640995241e-001
1.3350000000e+002 1.0640995241e-001
1.3350000000e+002 1.1022037980e-001
1.3500000000e+002 1.1022037980e-001
1.3500000000e+002 1.1414011724e-001
1.3650000000e+002 1.1414011724e-001
1.3650000000e+002 1.1817073236e-001
1.3800000000e+002 1.1817073236e-001
1.3800000000e+002 1.2231371980e-001
1.3950000000e+002 1.2231371980e-001
1.3950000000e+002 1.2657049462e-001
1.4100000000e+002 1.2657049462e-001
1.4100000000e+002 1.3094238570e-001
1.4250000000e+002 1.3094238570e-001
1.4250000000e+002 1.3543062898e-001
1.4400000000e+002 1.3543062898e-001
1.4400000000e+002 1.4003636074e-001
1.4550000000e+002 1.4003636074e-001
1.4550000000e+002 1.4476061068e-001
1.4700000000e+002 1.4476061068e-001
1.4700000000e+002 1.4960429518e-001
1.4850000000e+002 1.4960429518e-001
1.4850000000e+002 1.5456821044e-001
1.5000000000e+002 1.5456821044e-001
1.5000000000e+002 1.5965302572e-001
1.5150000000e+002 1.5965302572e-001
1.5150000000e+002 1.6485927670e-001
1.5300000000e+002 1.6485927670e-001
1.5300000000e+002 1.7018735895e-001
1.5450000000e+002 1.7018735895e-001
1.5450000000e+002 1.7563752149e-001
1.5600000000e+002 1.7563752149e-001
1.5600000000e+002 1.8120986068e-001
1.5750000000e+002 1.8120986068e-001
1.5750000000e+002 1.8690431423e-001
1.5900000000e+002 1.8690431423e-001
1.5900000000e+002 1.9272065559e-001
1.6050000000e+002 1.9272065559e-001
1.6050000000e+002 1.9865848856e-001
1.6200000000e+002 1.9865848856e-001
1.6200000000e+002 2.0471724235e-001
1.6350000000e+002 2.0471724235e-001
1.6350000000e+002 2.1089616702e-001
1.6500000000e+002 2.1089616702e-001
1.6500000000e+002 2.1719432932e-001
1.6650000000e+002 2.1719432932e-001
1.6650000000e+002 2.2361060906e-001
1.6800000000e+002 2.2361060906e-001
1.6800000000e+002 2.3014369603e-001
1.6950000000e+002 2.3014369603e-001
1.6950000000e+002 2.3679208740e-001
1.7100000000e+002 2.3679208740e-001
1.7100000000e+002 2.4355408576e-001
1.7250000000e+002 2.4355408576e-001
1.7250000000e+002 2.5042779782e-001
1.7400000000e+002 2.5042779782e-001
1.7400000000e+002 2.5741113371e-001
1.7550000000e+002 2.5741113371e-001
1.7550000000e+002 2.6450180703e-001
1.7700000000e+002 2.6450180703e-001
1.7700000000e+002 2.7169733552e-001
1.7850000000e+002 2.7169733552e-001
1.7850000000e+002 2.7899504256e-001
1.8000000000e+002 2.7899504256e-001
1.8000000000e+002 2.8639205931e-001
1.8150000000e+002 2.8639205931e-001
1.8150000000e+002 2.9388532775e-001
1.8300000000e+002 2.9388532775e-001
1.8300000000e+002 3.0147160429e-001
1.8450000000e+002 3.0147160429e-001
1.8450000000e+002 3.0914746432e-001
1.8600000000e+002 3.0914746432e-001
1.8600000000e+002 3.1690930740e-001
1.8750000000e+002 3.1690930740e-001
1.8750000000e+002 3.2475336325e-001
1.8900000000e+002 3.2475336325e-001
1.8900000000e+002 3.3267569846e-001
1.9050000000e+002 3.3267569846e-001
1.9050000000e+002 3.4067222393e-001
1.9200000000e+002 3.4067222393e-001
1.9200000000e+002 3.4873870295e-001
1.9350000000e+002 3.4873870295e-001
1.9350000000e+002 3.5687075999e-001
1.9500000000e+002 3.5687075999e-001
1.9500000000e+002 3.6506389007e-001
1.9650000000e+002 3.6506389007e-001
1.9650000000e+002 3.7331346874e-001
1.9800000000e+002 3.7331346874e-001
1.9800000000e+002 3.8161476257e-001
1.9950000000e+002 3.8161476257e-001
1.9950000000e+002 3.8996294011e-001
2.0100000000e+002 3.8996294011e-001
2.0100000000e+002 3.9835308334e-001
2.0250000000e+002 3.9835308334e-001
2.0250000000e+002 4.0678019941e-001
2.0400000000e+002 4.0678019941e-001
2.0400000000e+002 4.1523923278e-001
2.0550000000e+002 4.1523923278e-001
2.0550000000e+002 4.2372507751e-001
2.0700000000e+002 4.2372507751e-001
2.0700000000e+002 4.3223258982e-001
2.0850000000e+002 4.3223258982e-001
2.0850000000e+002 4.4075660077e-001
2.1000000000e+002 4.4075660077e-001
2.1000000000e+002 4.4929192891e-001
2.1150000000e+002 4.4929192891e-001
2.1150000000e+002 4.5783339300e-001
2.1300000000e+002 4.5783339300e-001
2.1300000000e+002 4.6637582464e-001
2.1450000000e+002 4.6637582464e-001
2.1450000000e+002 4.7491408072e-001
2.1600000000e+002 4.7491408072e-001
2.1600000000e+002 4.8344305571e-001
2.1750000000e+002 4.8344305571e-001
2.1750000000e+002 4.9195769366e-001
2.1900000000e+002 4.9195769366e-001
2.1900000000e+002 5.0045299988e-001
2.2050000000e+002 5.0045299988e-001
2.2050000000e+002 5.0892405222e-001
2.2200000000e+002 5.0892405222e-001
2.2200000000e+002 5.1736601199e-001
2.2350000000e+002 5.1736601199e-001
2.2350000000e+002 5.2577413432e-001
2.2500000000e+002 5.2577413432e-001
2.2500000000e+002 5.3414377803e-001
2.2650000000e+002 5.3414377803e-001
2.2650000000e+002 5.4247041498e-001
2.2800000000e+002 5.4247041498e-001
2.2800000000e+002 5.5074963876e-001
2.2950000000e+002 5.5074963876e-001
2.2950000000e+002 5.5897717278e-001
2.3100000000e+002 5.5897717278e-001
2.3100000000e+002 5.6714887778e-001
2.3250000000e+002 5.6714887778e-001
2.3250000000e+002 5.7526075854e-001
2.3400000000e+002 5.7526075854e-001
2.3400000000e+002 5.8330897006e-001
2.3550000000e+002 5.8330897006e-001
2.3550000000e+002 5.9128982293e-001
2.3700000000e+002 5.9128982293e-001
2.3700000000e+002 5.9919978808e-001
2.3850000000e+002 5.9919978808e-001
2.3850000000e+002 6.0703550079e-001
2.4000000000e+002 6.0703550079e-001
2.4000000000e+002 6.1479376407e-001
2.4150000000e+002 6.1479376407e-001
2.4150000000e+002 6.2247155132e-001
2.4300000000e+002 6.2247155132e-001
2.4300000000e+002 6.3006600829e-001
2.4450000000e+002 6.3006600829e-001
2.4450000000e+002 6.3757445447e-001
2.4600000000e+002 6.3757445447e-001
2.4600000000e+002 6.4499438384e-001
2.4750000000e+002 6.4499438384e-001
2.4750000000e+002 6.5232346489e-001
2.4900000000e+002 6.5232346489e-001
2.4900000000e+002 6.5955954027e-001
2.5050000000e+002 6.5955954027e-001
2.5050000000e+002 6.6670062568e-001
2.5200000000e+002 6.6670062568e-001
2.5200000000e+002 6.7374490837e-001
2.5350000000e+002 6.7374490837e-001
2.5350000000e+002 6.8069074511e-001
2.5500000000e+002 6.8069074511e-001
2.5500000000e+002 6.8753665969e-001
2.5650000000e+002 6.8753665969e-001
2.5650000000e+002 6.9428133997e-001
2.5800000000e+002 6.9428133997e-001
2.5800000000e+002 7.0092363463e-001
2.5950000000e+002 7.0092363463e-001
2.5950000000e+002 7.0746254946e-001
2.6100000000e+002 7.0746254946e-001
2.6100000000e+002 7.1389724338e-001
2.6250000000e+002 7.1389724338e-001
2.6250000000e+002 7.2022702418e-001
2.6400000000e+002 7.2022702418e-001
2.6400000000e+002 7.2645134394e-001
2.6550000000e+002 7.2645134394e-001
2.6550000000e+002 7.3256979437e-001
2.6700000000e+002 7.3256979437e-001
2.6700000000e+002 7.3858210177e-001
2.6850000000e+002 7.3858210177e-001
2.6850000000e+002 7.4448812203e-001
2.7000000000e+002 7.4448812203e-001
2.7000000000e+002 7.5028783531e-001
2.7150000000e+002 7.5028783531e-001
2.7150000000e+002 7.5598134082e-001
2.7300000000e+002 7.5598134082e-001
2.7300000000e+002 7.6156885136e-001
2.7450000000e+002 7.6156885136e-001
2.7450000000e+002 7.6705068793e-001
2.7600000000e+002 7.6705068793e-001
2.7600000000e+002 7.7242727424e-001
2.7750000000e+002 7.7242727424e-001
2.7750000000e+002 7.7769913131e-001
2.7900000000e+002 7.7769913131e-001
2.7900000000e+002 7.8286687200e-001
2.8050000000e+002 7.8286687200e-001
2.8050000000e+002 7.8793119564e-001
2.8200000000e+002 7.8793119564e-001
2.8200000000e+002 7.9289288276e-001
2.8350000000e+002 7.9289288276e-001
2.8350000000e+002 7.9775278977e-001
2.8500000000e+002 7.9775278977e-001
2.8500000000e+002 8.0251184387e-001
2.8650000000e+002 8.0251184387e-001
2.8650000000e+002 8.0717103799e-001
2.8800000000e+002 8.0717103799e-001
2.8800000000e+002 8.1173142588e-001
2.8950000000e+002 8.1173142588e-001
2.8950000000e+002 8.1619411728e-001
2.9100000000e+002 8.1619411728e-001
2.9100000000e+002 8.2056027331e-001
2.9250000000e+002 8.2056027331e-001
2.9250000000e+002 8.2483110191e-001
2.9400000000e+002 8.2483110191e-001
2.9400000000e+002 8.2900785350e-001
2.9550000000e+002 8.2900785350e-001
2.9550000000e+002 8.3309181676e-001
2.9700000000e+002 8.3309181676e-001
2.9700000000e+002 8.3708431457e-001
2.9850000000e+002 8.3708431457e-001
2.9850000000e+002 8.4098670016e-001
3.0000000000e+002 8.4098670016e-001
3.0000000000e+002 8.4480035332e-001
3.0150000000e+002 8.4480035332e-001
3.0150000000e+002 8.4852667691e-001
3.0300000000e+002 8.4852667691e-001
3.0300000000e+002 8.5216709338e-001
3.0450000000e+002 8.5216709338e-001
3.0450000000e+002 8.5572304164e-001
3.0600000000e+002 8.5572304164e-001
3.0600000000e+002 8.5919597389e-001
3.0750000000e+002 8.5919597389e-001
3.0750000000e+002 8.6258735277e-001
3.0900000000e+002 8.6258735277e-001
3.0900000000e+002 8.6589864860e-001
3.1050000000e+002 8.6589864860e-001
3.1050000000e+002 8.6913133679e-001
3.1200000000e+002 8.6913133679e-001
3.1200000000e+002 8.7228689537e-001
3.1350000000e+002 8.7228689537e-001
3.1350000000e+002 8.7536680273e-001
3.1500000000e+002 8.7536680273e-001
3.1500000000e+002 8.7837253546e-001
3.1650000000e+002 8.7837253546e-001
3.1650000000e+002 8.8130556636e-001
3.1800000000e+002 8.8130556636e-001
3.1800000000e+002 8.8416736253e-001
3.1950000000e+002 8.8416736253e-001
3.1950000000e+002 8.8695938368e-001
3.2100000000e+002 8.8695938368e-001
3.2100000000e+002 8.8968308048e-001
3.2250000000e+002 8.8968308048e-001
3.2250000000e+002 8.9233989310e-001
3.2400000000e+002 8.9233989310e-001
3.2400000000e+002 8.9493124982e-001
3.2550000000e+002 8.9493124982e-001
3.2550000000e+002 8.9745856579e-001
3.2700000000e+002 8.9745856579e-001
3.2700000000e+002 8.9992324187e-001
3.2850000000e+002 8.9992324187e-001
3.2850000000e+002 9.0232666356e-001
3.3000000000e+002 9.0232666356e-001
3.3000000000e+002 9.0467020010e-001
3.3150000000e+002 9.0467020010e-001
3.3150000000e+002 9.0695520357e-001
3.3300000000e+002 9.0695520357e-001
3.3300000000e+002 9.0918300815e-001
3.3450000000e+002 9.0918300815e-001
3.3450000000e+002 9.1135492942e-001
3.3600000000e+002 9.1135492942e-001
3.3600000000e+002 9.1347226376e-001
3.3750000000e+002 9.1347226376e-001
3.3750000000e+002 9.1553628782e-001
3.3900000000e+002 9.1553628782e-001
3.3900000000e+002 9.1754825807e-001
3.4050000000e+002 9.1754825807e-001
3.4050000000e+002 9.1950941040e-001
3.4200000000e+002 9.1950941040e-001
3.4200000000e+002 9.2142095978e-001
3.4350000000e+002 9.2142095978e-001
3.4350000000e+002 9.2328410002e-001
3.4500000000e+002 9.2328410002e-001
3.4500000000e+002 9.2510000352e-001
3.4650000000e+002 9.2510000352e-001
3.4650000000e+002 9.2686982111e-001
3.4800000000e+002 9.2686982111e-001
3.4800000000e+002 9.2859468198e-001
3.4950000000e+002 9.2859468198e-001
3.4950000000e+002 9.3027569353e-001
3.5100000000e+002 9.3027569353e-001
3.5100000000e+002 9.3191394139e-001
3.5250000000e+002 9.3191394139e-001
3.5250000000e+002 9.3351048942e-001
3.5400000000e+002 9.3351048942e-001
3.5400000000e+002 9.3506637975e-001
3.5550000000e+002 9.3506637975e-001
3.5550000000e+002 9.3658263285e-001
3.5700000000e+002 9.3658263285e-001
3.5700000000e+002 9.3806024762e-001
3.5850000000e+002 9.3806024762e-001
3.5850000000e+002 9.3950020156e-001
3.6000000000e+002 9.3950020156e-001
3.6000000000e+002 9.4090345091e-001
3.6150000000e+002 9.4090345091e-001
3.6150000000e+002 9.4227093080e-001
3.6300000000e+002 9.4227093080e-001
3.6300000000e+002 9.4360355551e-001
3.6450000000e+002 9.4360355551e-001
3.6450000000e+002 9.4490221863e-001
3.6600000000e+002 9.4490221863e-001
3.6600000000e+002 9.4616779335e-001
3.6750000000e+002 9.4616779335e-001
3.6750000000e+002 9.4740113266e-001
3.6900000000e+002 9.4740113266e-001
3.6900000000e+002 9.4860306967e-001
3.7050000000e+002 9.4860306967e-001
3.7050000000e+002 9.4977441785e-001
3.7200000000e+002 9.4977441785e-001
3.7200000000e+002 9.5091597132e-001
3.7350000000e+002 9.5091597132e-001
3.7350000000e+002 9.5202850517e-001
3.7500000000e+002 9.5202850517e-001
3.7500000000e+002 9.5311277575e-001
3.7650000000e+002 9.5311277575e-001
3.7650000000e+002 9.5416952098e-001
3.7800000000e+002 9.5416952098e-001
3.7800000000e+002 9.5519946067e-001
3.7950000000e+002 9.5519946067e-001
3.7950000000e+002 9.5620329685e-001
3.8100000000e+002 9.5620329685e-001
3.8100000000e+002 9.5718171409e-001
3.8250000000e+002 9.5718171409e-001
3.8250000000e+002 9.5813537982e-001
3.8400000000e+002 9.5813537982e-001
3.8400000000e+002 9.5906494470e-001
3.8550000000e+002 9.5906494470e-001
3.8550000000e+002 9.5997104287e-001
3.8700000000e+002 9.5997104287e-001
3.8700000000e+002 9.6085429240e-001
3.8850000000e+002 9.6085429240e-001
3.8850000000e+002 9.6171529550e-001
3.9000000000e+002 9.6171529550e-001
3.9000000000e+002 9.6255463893e-001
3.9150000000e+002 9.6255463893e-001
3.9150000000e+002 9.6337289433e-001
3.9300000000e+002 9.6337289433e-001
3.9300000000e+002 9.6417061850e-001
3.9450000000e+002 9.6417061850e-001
3.9450000000e+002 9.6494835377e-001
3.9600000000e+002 9.6494835377e-001
3.9600000000e+002 9.6570662830e-001
3.9750000000e+002 9.6570662830e-001
3.9750000000e+002 9.6644595642e-001
3.9900000000e+002 9.6644595642e-001
3.9900000000e+002 9.6716683892e-001
4.0050000000e+002 9.6716683892e-001
4.0050000000e+002 9.6786976342e-001
4.0200000000e+002 9.6786976342e-001
4.0200000000e+002 9.6855520460e-001
4.0350000000e+002 9.6855520460e-001
4.0350000000e+002 9.6922362458e-001
4.0500000000e+002 9.6922362458e-001
4.0500000000e+002 9.6987547316e-001
4.0650000000e+002 9.6987547316e-001
4.0650000000e+002 9.7051118819e-001
4.0800000000e+002 9.7051118819e-001
4.0800000000e+002 9.7113119578e-001
4.0950000000e+002 9.7113119578e-001
4.0950000000e+002 9.7173591067e-001
4.1100000000e+002 9.7173591067e-001
4.1100000000e+002 9.7232573644e-001
4.1250000000e+002 9.7232573644e-001
4.1250000000e+002 9.7290106583e-001
4.1400000000e+002 9.7290106583e-001
4.1400000000e+002 9.7346228103e-001
4.1550000000e+002 9.7346228103e-001
4.1550000000e+002 9.7400975389e-001
4.1700000000e+002 9.7400975389e-001
4.1700000000e+002 9.7454384625e-001
4.1850000000e+002 9.7454384625e-001
4.1850000000e+002 9.7506491013e-001
4.2000000000e+002 9.7506491013e-001
4.2000000000e+002 9.7557328804e-001
4.2150000000e+002 9.7557328804e-001
4.2150000000e+002 9.7606931321e-001
4.2300000000e+002 9.7606931321e-001
4.2300000000e+002 9.7655330981e-001
4.2450000000e+002 9.7655330981e-001
4.2450000000e+002 9.7702559323e-001
4.2600000000e+002 9.7702559323e-001
4.2600000000e+002 9.7748647025e-001
4.2750000000e+002 9.7748647025e-001
4.2750000000e+002 9.7793623935e-001
4.2900000000e+002 9.7793623935e-001
4.2900000000e+002 9.7837519085e-001
4.3050000000e+002 9.7837519085e-001
4.3050000000e+002 9.7880360719e-001
4.3200000000e+002 9.7880360719e-001
4.3200000000e+002 9.7922176308e-001
4.3350000000e+002 9.7922176308e-001
4.3350000000e+002 9.7962992578e-001
4.3500000000e+002 9.7962992578e-001
4.3500000000e+002 9.8002835525e-001
4.3650000000e+002 9.8002835525e-001
4.3650000000e+002 9.8041730434e-001
4.3800000000e+002 9.8041730434e-001
4.3800000000e+002 9.8079701903e-001
4.3950000000e+002 9.8079701903e-001
4.3950000000e+002 9.8116773858e-001
4.4100000000e+002 9.8116773858e-001
4.4100000000e+002 9.8152969571e-001
4.4250000000e+002 9.8152969571e-001
4.4250000000e+002 9.8188311682e-001
4.4400000000e+002 9.8188311682e-001
4.4400000000e+002 9.8222822212e-001
4.4550000000e+002 9.8222822212e-001
4.4550000000e+002 9.8256522580e-001
4.4700000000e+002 9.8256522580e-001
4.4700000000e+002 9.8289433623e-001
4.4850000000e+002 9.8289433623e-001
4.4850000000e+002 9.8321575610e-001
4.5000000000e+002 9.8321575610e-001
4.5000000000e+002 9.8352968256e-001
4.5150000000e+002 9.8352968256e-001
4.5150000000e+002 9.8383630741e-001
4.5300000000e+002 9.8383630741e-001
4.5300000000e+002 9.8413581721e-001
4.5450000000e+002 9.8413581721e-001
4.5450000000e+002 9.8442839347e-001
4.5600000000e+002 9.8442839347e-001
4.5600000000e+002 9.8471421274e-001
4.5750000000e+002 9.8471421274e-001
4.5750000000e+002 9.8499344676e-001
4.5900000000e+002 9.8499344676e-001
4.5900000000e+002 9.8526626265e-001
4.6050000000e+002 9.8526626265e-001
4.6050000000e+002 9.8553282295e-001
4.6200000000e+002 9.8553282295e-001
4.6200000000e+002 9.8579328581e-001
4.6350000000e+002 9.8579328581e-001
4.6350000000e+002 9.8604780509e-001
4.6500000000e+002 9.8604780509e-001
4.6500000000e+002 9.8629653048e-001
4.6650000000e+002 9.8629653048e-001
4.6650000000e+002 9.8653960763e-001
4.6800000000e+002 9.8653960763e-001
4.6800000000e+002 9.8677717825e-001
4.6950000000e+002 9.8677717825e-001
4.6950000000e+002 9.8700938020e-001
4.7100000000e+002 9.8700938020e-001
4.7100000000e+002 9.8723634765e-001
4.7250000000e+002 9.8723634765e-001
4.7250000000e+002 9.8745821113e-001
4.7400000000e+002 9.8745821113e-001
4.7400000000e+002 9.8767509767e-001
4.7550000000e+002 9.8767509767e-001
4.7550000000e+002 9.8788713088e-001
4.7700000000e+002 9.8788713088e-001
4.7700000000e+002 9.8809443103e-001
4.7850000000e+002 9.8809443103e-001
4.7850000000e+002 9.8829711519e-001
4.8000000000e+002 9.8829711519e-001
4.8000000000e+002 9.8849529727e-001
4.8150000000e+002 9.8849529727e-001
4.8150000000e+002 9.8868908813e-001
4.8300000000e+002 9.8868908813e-001
4.8300000000e+002 9.8887859567e-001
4.8450000000e+002 9.8887859567e-001
4.8450000000e+002 9.8906392491e-001
4.8600000000e+002 9.8906392491e-001
4.8600000000e+002 9.8924517807e-001
4.8750000000e+002 9.8924517807e-001
4.8750000000e+002 9.8942245462e-001
4.8900000000e+002 9.8942245462e-001
4.8900000000e+002 9.8959585142e-001
4.9050000000e+002 9.8959585142e-001
4.9050000000e+002 9.8976546272e-001
4.9200000000e+002 9.8976546272e-001
4.9200000000e+002 9.8993138029e-001
4.9350000000e+002 9.8993138029e-001
4.9350000000e+002 9.9009369346e-001
4.9500000000e+002 9.9009369346e-001
4.9500000000e+002 9.9025248920e-001
4.9650000000e+002 9.9025248920e-001
4.9650000000e+002 9.9040785216e-001
4.9800000000e+002 9.9040785216e-001
4.9800000000e+002 9.9055986479e-001
4.9950000000e+002 9.9055986479e-001
4.9950000000e+002 9.9070860733e-001
5.0100000000e+002 9.9070860733e-001
5.0100000000e+002 9.9085415793e-001
5.0250000000e+002 9.9085415793e-001
5.0250000000e+002 9.9099659269e-001
5.0400000000e+002 9.9099659269e-001
5.0400000000e+002 9.9113598568e-001
5.0550000000e+002 9.9113598568e-001
5.0550000000e+002 9.9127240906e-001
5.0700000000e+002 9.9127240906e-001
5.0700000000e+002 9.9140593310e-001
5.0850000000e+002 9.9140593310e-001
5.0850000000e+002 9.9153662621e-001
5.1000000000e+002 9.9153662621e-001
5.1000000000e+002 9.9166455503e-001
5.1150000000e+002 9.9166455503e-001
5.1150000000e+002 9.9178978448e-001
5.1300000000e+002 9.9178978448e-001
5.1300000000e+002 9.9191237776e-001
5.1450000000e+002 9.9191237776e-001
5.1450000000e+002 9.9203239644e-001
5.1600000000e+002 9.9203239644e-001
5.1600000000e+002 9.9214990051e-001
5.1750000000e+002 9.9214990051e-001
5.1750000000e+002 9.9226494839e-001
5.1900000000e+002 9.9226494839e-001
5.1900000000e+002 9.9237759698e-001
5.2050000000e+002 9.9237759698e-001
5.2050000000e+002 9.9248790174e-001
5.2200000000e+002 9.9248790174e-001
5.2200000000e+002 9.9259591667e-001
5.2350000000e+002 9.9259591667e-001
5.2350000000e+002 9.9270169441e-001
5.2500000000e+002 9.9270169441e-001
5.2500000000e+002 9.9280528623e-001
5.2650000000e+002 9.9280528623e-001
5.2650000000e+002 9.9290674208e-001
5.2800000000e+002 9.9290674208e-001
5.2800000000e+002 9.9300611065e-001
5.2950000000e+002 9.9300611065e-001
5.2950000000e+002 9.9310343938e-001
5.3100000000e+002 9.9310343938e-001
5.3100000000e+002 9.9319877448e-001
5.3250000000e+002 9.9319877448e-001
5.3250000000e+002 9.9329216101e-001
5.3400000000e+002 9.9329216101e-001
5.3400000000e+002 9.9338364287e-001
5.3550000000e+002 9.9338364287e-001
5.3550000000e+002 9.9347326284e-001
5.3700000000e+002 9.9347326284e-001
5.3700000000e+002 9.9356106263e-001
5.3850000000e+002 9.9356106263e-001
5.3850000000e+002 9.9364708288e-001
5.4000000000e+002 9.9364708288e-001
5.4000000000e+002 9.9373136322e-001
5.4150000000e+002 9.9373136322e-001
5.4150000000e+002 9.9381394226e-001
5.4300000000e+002 9.9381394226e-001
5.4300000000e+002 9.9389485765e-001
5.4450000000e+002 9.9389485765e-001
5.4450000000e+002 9.9397414609e-001
5.4600000000e+002 9.9397414609e-001
5.4600000000e+002 9.9405184337e-001
5.4750000000e+002 9.9405184337e-001
5.4750000000e+002 9.9412798436e-001
5.4900000000e+002 9.9412798436e-001
5.4900000000e+002 9.9420260307e-001
5.5050000000e+002 9.9420260307e-001
5.5050000000e+002 9.9427573266e-001
5.5200000000e+002 9.9427573266e-001
5.5200000000e+002 9.9434740547e-001
5.5350000000e+002 9.9434740547e-001
5.5350000000e+002 9.9441765303e-001
5.5500000000e+002 9.9441765303e-001
5.5500000000e+002 9.9448650607e-001
5.5650000000e+002 9.9448650607e-001
5.5650000000e+002 9.9455399458e-001
5.5800000000e+002 9.9455399458e-001
5.5800000000e+002 9.9462014779e-001
5.5950000000e+002 9.9462014779e-001
5.5950000000e+002 9.9468499423e-001
5.6100000000e+002 9.9468499423e-001
5.6100000000e+002 9.9474856169e-001
5.6250000000e+002 9.9474856169e-001
5.6250000000e+002 9.9481087730e-001
5.6400000000e+002 9.9481087730e-001
5.6400000000e+002 9.9487196752e-001
5.6550000000e+002 9.9487196752e-001
5.6550000000e+002 9.9493185815e-001
5.6700000000e+002 9.9493185815e-001
5.6700000000e+002 9.9499057437e-001
5.6850000000e+002 9.9499057437e-001
5.6850000000e+002 9.9504814072e-001
5.7000000000e+002 9.9504814072e-001
5.7000000000e+002 9.9510458115e-001
5.7150000000e+002 9.9510458115e-001
5.7150000000e+002 9.9515991904e-001
5.7300000000e+002 9.9515991904e-001
5.7300000000e+002 9.9521417718e-001
5.7450000000e+002 9.9521417718e-001
5.7450000000e+002 9.9526737781e-001
5.7600000000e+002 9.9526737781e-001
5.7600000000e+002 9.9531954263e-001
5.7750000000e+002 9.9531954263e-001
5.7750000000e+002 9.9537069280e-001
5.7900000000e+002 9.9537069280e-001
5.7900000000e+002 9.9542084899e-001
5.8050000000e+002 9.9542084899e-001
5.8050000000e+002 9.9547003135e-001
5.8200000000e+002 9.9547003135e-001
5.8200000000e+002 9.9551825954e-001
5.8350000000e+002 9.9551825954e-001
5.8350000000e+002 9.9556555277e-001
5.8500000000e+002 9.9556555277e-001
5.8500000000e+002 9.9561192975e-001
5.8650000000e+002 9.9561192975e-001
5.8650000000e+002 9.9565740875e-001
5.8800000000e+002 9.9565740875e-001
5.8800000000e+002 9.9570200763e-001
5.8950000000e+002 9.9570200763e-001
5.8950000000e+002 9.9574574377e-001
5.9100000000e+002 9.9574574377e-001
5.9100000000e+002 9.9578863417e-001
5.9250000000e+002 9.9578863417e-001
5.9250000000e+002 9.9583069540e-001
5.9400000000e+002 9.9583069540e-001
5.9400000000e+002 9.9587194365e-001
5.9550000000e+002 9.9587194365e-001
5.9550000000e+002 9.9591239470e-001
5.9700000000e+002 9.9591239470e-001
5.9700000000e+002 9.9595206397e-001
5.9850000000e+002 9.9595206397e-001
5.9850000000e+002 9.9599096651e-001
6.0000000000e+002 9.9599096651e-001
6.0000000000e+002 9.9602911699e-001
6.0150000000e+002 9.9602911699e-001
6.0150000000e+002 9.9606652975e-001
6.0300000000e+002 9.9606652975e-001
6.0300000000e+002 9.9610321877e-001
6.0450000000e+002 9.9610321877e-001
6.0450000000e+002 9.9613919773e-001
6.0600000000e+002 9.9613919773e-001
6.0600000000e+002 9.9617447993e-001
6.0750000000e+002 9.9617447993e-001
6.0750000000e+002 9.9620907841e-001
6.0900000000e+002 9.9620907841e-001
6.0900000000e+002 9.9624300585e-001
6.1050000000e+002 9.9624300585e-001
6.1050000000e+002 9.9627627466e-001
6.1200000000e+002 9.9627627466e-001
6.1200000000e+002 9.9630889693e-001
6.1350000000e+002 9.9630889693e-001
6.1350000000e+002 9.9634088450e-001
6.1500000000e+002 9.9634088450e-001
6.1500000000e+002 9.9637224887e-001
6.1650000000e+002 9.9637224887e-001
6.1650000000e+002 9.9640300133e-001
6.1800000000e+002 9.9640300133e-001
6.1800000000e+002 9.9643315285e-001
6.1950000000e+002 9.9643315285e-001
6.1950000000e+002 9.9646271416e-001
6.2100000000e+002 9.9646271416e-001
6.2100000000e+002 9.9649169573e-001
6.2250000000e+002 9.9649169573e-001
6.2250000000e+002 9.9652010779e-001
6.2400000000e+002 9.9652010779e-001
6.2400000000e+002 9.9654796032e-001
6.2550000000e+002 9.9654796032e-001
6.2550000000e+002 9.9657526306e-001
6.2700000000e+002 9.9657526306e-001
6.2700000000e+002 9.9660202550e-001
6.2850000000e+002 9.9660202550e-001
6.2850000000e+002 9.9662825694e-001
6.3000000000e+002 9.9662825694e-001
6.3000000000e+002 9.9665396643e-001
6.3150000000e+002 9.9665396643e-001
6.3150000000e+002 9.9667916281e-001
6.3300000000e+002 9.9667916281e-001
6.3300000000e+002 9.9670385472e-001
6.3450000000e+002 9.9670385472e-001
6.3450000000e+002 9.9672805056e-001
6.3600000000e+002 9.9672805056e-001
6.3600000000e+002 9.9675175857e-001
6.3750000000e+002 9.9675175857e-001
6.3750000000e+002 9.9677498676e-001
6.3900000000e+002 9.9677498676e-001
6.3900000000e+002 9.9679774297e-001
6.4050000000e+002 9.9679774297e-001
6.4050000000e+002 9.9682003482e-001
6.4200000000e+002 9.9682003482e-001
6.4200000000e+002 9.9684186978e-001
6.4350000000e+002 9.9684186978e-001
6.4350000000e+002 9.9686325511e-001
6.4500000000e+002 9.9686325511e-001
6.4500000000e+002 9.9688419791e-001
6.4650000000e+002 9.9688419791e-001
6.4650000000e+002 9.9690470510e-001
6.4800000000e+002 9.9690470510e-001
6.4800000000e+002 9.9692478344e-001
6.4950000000e+002 9.9692478344e-001
6.4950000000e+002 9.9694443951e-001
6.5100000000e+002 9.9694443951e-001
6.5100000000e+002 9.9696367975e-001
6.5250000000e+002 9.9696367975e-001
6.5250000000e+002 9.9698251040e-001
6.5400000000e+002 9.9698251040e-001
6.5400000000e+002 9.9700093759e-001
6.5550000000e+002 9.9700093759e-001
6.5550000000e+002 9.9701896727e-001
6.5700000000e+002 9.9701896727e-001
6.5700000000e+002 9.9703660525e-001
6.5850000000e+002 9.9703660525e-001
6.5850000000e+002 9.9705385720e-001
6.6000000000e+002 9.9705385720e-001
6.6000000000e+002 9.9707072864e-001
6.6150000000e+002 9.9707072864e-001
6.6150000000e+002 9.9708722495e-001
6.6300000000e+002 9.9708722495e-001
6.6300000000e+002 9.9710335136e-001
6.6450000000e+002 9.9710335136e-001
6.6450000000e+002 9.9711911300e-001
6.6600000000e+002 9.9711911300e-001
6.6600000000e+002 9.9713451483e-001
6.6750000000e+002 9.9713451483e-001
6.6750000000e+002 9.9714956170e-001
6.6900000000e+002 9.9714956170e-001
6.6900000000e+002 9.9716425835e-001
6.7050000000e+002 9.9716425835e-001
6.7050000000e+002 9.9717860935e-001
6.7200000000e+002 9.9717860935e-001
6.7200000000e+002 9.9719261920e-001
6.7350000000e+002 9.9719261920e-001
6.7350000000e+002 9.9720629224e-001
6.7500000000e+002 9.9720629224e-001
6.7500000000e+002 9.9721963271e-001
6.7650000000e+002 9.9721963271e-001
6.7650000000e+002 9.9723264473e-001
6.7800000000e+002 9.9723264473e-001
6.7800000000e+002 9.9724533232e-001
6.7950000000e+002 9.9724533232e-001
6.7950000000e+002 9.9725769938e-001
6.8100000000e+002 9.9725769938e-001
6.8100000000e+002 9.9726974969e-001
6.8250000000e+002 9.9726974969e-001
6.8250000000e+002 9.9728148693e-001
6.8400000000e+002 9.9728148693e-001
6.8400000000e+002 9.9729291469e-001
6.8550000000e+002 9.9729291469e-001
6.8550000000e+002 9.9730403645e-001
6.8700000000e+002 9.9730403645e-001
6.8700000000e+002 9.9731485556e-001
6.8850000000e+002 9.9731485556e-001
6.8850000000e+002 9.9732537530e-001
6.9000000000e+002 9.9732537530e-001
6.9000000000e+002 9.9733559885e-001
6.9150000000e+002 9.9733559885e-001
6.9150000000e+002 9.9734552929e-001
6.9300000000e+002 9.9734552929e-001
6.9300000000e+002 9.9735516959e-001
6.9450000000e+002 9.9735516959e-001
6.9450000000e+002 9.9736452265e-001
6.9600000000e+002 9.9736452265e-001
6.9600000000e+002 9.9737359126e-001
6.9750000000e+002 9.9737359126e-001
6.9750000000e+002 9.9738237812e-001
6.9900000000e+002 9.9738237812e-001
6.9900000000e+002 9.9739088586e-001
7.0050000000e+002 9.9739088586e-001
7.0050000000e+002 9.9739911699e-001
7.0200000000e+002 9.9739911699e-001
7.0200000000e+002 9.9740707395e-001
7.0350000000e+002 9.9740707395e-001
7.0350000000e+002 9.9741475911e-001
7.0500000000e+002 9.9741475911e-001
7.0500000000e+002 9.9742217473e-001
7.0650000000e+002 9.9742217473e-001
7.0650000000e+002 9.9742932299e-001
7.0800000000e+002 9.9742932299e-001
7.0800000000e+002 9.9743620600e-001
7.0950000000e+002 9.9743620600e-001
7.0950000000e+002 9.9744282578e-001
7.1100000000e+002 9.9744282578e-001
7.1100000000e+002 9.9744918426e-001
7.1250000000e+002 9.9744918426e-001
7.1250000000e+002 9.9745528332e-001
7.1400000000e+002 9.9745528332e-001
7.1400000000e+002 9.9746112473e-001
7.1550000000e+002 9.9746112473e-001
7.1550000000e+002 9.9746671020e-001
7.1700000000e+002 9.9746671020e-001
7.1700000000e+002 9.9747204135e-001
7.1850000000e+002 9.9747204135e-001
7.1850000000e+002 9.9747711974e-001
7.2000000000e+002 9.9747711974e-001
7.2000000000e+002 9.9748194683e-001
7.2150000000e+002 9.9748194683e-001
7.2150000000e+002 9.9748652404e-001
7.2300000000e+002 9.9748652404e-001
7.2300000000e+002 9.9749085269e-001
7.2450000000e+002 9.9749085269e-001
7.2450000000e+002 9.9749493403e-001
7.2600000000e+002 9.9749493403e-001
7.2600000000e+002 9.9749876924e-001
7.2750000000e+002 9.9749876924e-001
7.2750000000e+002 9.9750235943e-001
7.2900000000e+002 9.9750235943e-001
7.2900000000e+002 9.9750570564e-001
7.3050000000e+002 9.9750570564e-001
7.3050000000e+002 9.9750880882e-001
7.3200000000e+002 9.9750880882e-001
7.3200000000e+002 9.9751166989e-001
7.3350000000e+002 9.9751166989e-001
7.3350000000e+002 9.9751428965e-001
7.3500000000e+002 9.9751428965e-001
7.3500000000e+002 9.9751666886e-001
7.3650000000e+002 9.9751666886e-001
7.3650000000e+002 9.9751880821e-001
7.3800000000e+002 9.9751880821e-001
7.3800000000e+002 9.9752070831e-001
7.3950000000e+002 9.9752070831e-001
7.3950000000e+002 9.9752236971e-001
7.4100000000e+002 9.9752236971e-001
7.4100000000e+002 9.9752379288e-001
7.4250000000e+002 9.9752379288e-001
7.4250000000e+002 9.9752497824e-001
7.4400000000e+002 9.9752497824e-001
7.4400000000e+002 9.9752592611e-001
7.4550000000e+002 9.9752592611e-001
7.4550000000e+002 9.9752663678e-001
7.4700000000e+002 9.9752663678e-001
7.4700000000e+002 9.9752711045e-001
7.4850000000e+002 9.9752711045e-001
7.4850000000e+002 9.9752734725e-001
7.5000000000e+002 9.9752734725e-001
7.5000000000e+002 9.9752734725e-001
7.5150000000e+002 9.9752734725e-001
7.5150000000e+002 9.9752711045e-001
7.5300000000e+002 9.9752711045e-001
7.5300000000e+002 9.9752663678e-001
7.5450000000e+002 9.9752663678e-001
7.5450000000e+002 9.9752592611e-001
7.5600000000e+002 9.9752592611e-001
7.5600000000e+002 9.9752497824e-001
7.5750000000e+002 9.9752497824e-001
7.5750000000e+002 9.9752379288e-001
7.5900000000e+002 9.9752379288e-001
7.5900000000e+002 9.9752236971e-001
7.6050000000e+002 9.9752236971e-001
7.6050000000e+002 9.9752070831e-001
7.6200000000e+002 9.9752070831e-001
7.6200000000e+002 9.9751880821e-001
7.6350000000e+002 9.9751880821e-001
7.6350000000e+002 9.9751666886e-001
7.6500000000e+002 9.9751666886e-001
7.6500000000e+002 9.9751428965e-001
7.6650000000e+002 9.9751428965e-001
7.6650000000e+002 9.9751166989e-001
7.6800000000e+002 9.9751166989e-001
7.6800000000e+002 9.9750880882e-001
7.6950000000e+002 9.9750880882e-001
7.6950000000e+002 9.9750570564e-001
7.7100000000e+002 9.9750570564e-001
7.7100000000e+002 9.9750235943e-001
7.7250000000e+002 9.9750235943e-001
7.7250000000e+002 9.9749876924e-001
7.7400000000e+002 9.9749876924e-001
7.7400000000e+002 9.9749493403e-001
7.7550000000e+002 9.9749493403e-001
7.7550000000e+002 9.9749085269e-001
7.7700000000e+002 9.9749085269e-001
7.7700000000e+002 9.9748652404e-001
7.7850000000e+002 9.9748652404e-001
7.7850000000e+002 9.9748194683e-001
7.8000000000e+002 9.9748194683e-001
7.8000000000e+002 9.9747711974e-001
7.8150000000e+002 9.9747711974e-001
7.8150000000e+002 9.9747204135e-001
7.8300000000e+002 9.9747204135e-001
7.8300000000e+002 9.9746671020e-001
7.8450000000e+002 9.9746671020e-001
7.8450000000e+002 9.9746112473e-001
7.8600000000e+002 9.9746112473e-001
7.8600000000e+002 9.9745528332e-001
7.8750000000e+002 9.9745528332e-001
7.8750000000e+002 9.9744918426e-001
7.8900000000e+002 9.9744918426e-001
7.8900000000e+002 9.9744282578e-001
7.9050000000e+002 9.9744282578e-001
7.9050000000e+002 9.9743620600e-001
7.9200000000e+002 9.9743620600e-001
7.9200000000e+002 9.9742932299e-001
7.9350000000e+002 9.9742932299e-001
7.9350000000e+002 9.9742217473e-001
7.9500000000e+002 9.9742217473e-001
7.9500000000e+002 9.9741475911e-001
7.9650000000e+002 9.9741475911e-001
7.9650000000e+002 9.9740707395e-001
7.9800000000e+002 9.9740707395e-001
7.9800000000e+002 9.9739911699e-001
7.9950000000e+002 9.9739911699e-001
7.9950000000e+002 9.9739088586e-001
8.0100000000e+002 9.9739088586e-001
8.0100000000e+002 9.9738237812e-001
8.0250000000e+002 9.9738237812e-001
8.0250000000e+002 9.9737359126e-001
8.0400000000e+002 9.9737359126e-001
8.0400000000e+002 9.9736452265e-001
8.0550000000e+002 9.9736452265e-001
8.0550000000e+002 9.9735516959e-001
8.0700000000e+002 9.9735516959e-001
8.0700000000e+002 9.9734552929e-001
8.0850000000e+002 9.9734552929e-001
8.0850000000e+002 9.9733559885e-001
8.1000000000e+002 9.9733559885e-001
8.1000000000e+002 9.9732537530e-001
8.1150000000e+002 9.9732537530e-001
8.1150000000e+002 9.9731485556e-001
8.1300000000e+002 9.9731485556e-001
8.1300000000e+002 9.9730403645e-001
8.1450000000e+002 9.9730403645e-001
8.1450000000e+002 9.9729291469e-001
8.1600000000e+002 9.9729291469e-001
8.1600000000e+002 9.9728148693e-001
8.1750000000e+002 9.9728148693e-001
8.1750000000e+002 9.9726974969e-001
8.1900000000e+002 9.9726974969e-001
8.1900000000e+002 9.9725769938e-001
8.2050000000e+002 9.9725769938e-001
8.2050000000e+002 9.9724533232e-001
8.2200000000e+002 9.9724533232e-001
8.2200000000e+002 9.9723264473e-001
8.2350000000e+002 9.9723264473e-001
8.2350000000e+002 9.9721963271e-001
8.2500000000e+002 9.9721963271e-001
8.2500000000e+002 9.9720629224e-001
8.2650000000e+002 9.9720629224e-001
8.2650000000e+002 9.9719261920e-001
8.2800000000e+002 9.9719261920e-001
8.2800000000e+002 9.9717860935e-001
8.2950000000e+002 9.9717860935e-001
8.2950000000e+002 9.9716425835e-001
8.3100000000e+002 9.9716425835e-001
8.3100000000e+002 9.9714956170e-001
8.3250000000e+002 9.9714956170e-001
8.3250000000e+002 9.9713451483e-001
8.3400000000e+002 9.9713451483e-001
8.3400000000e+002 9.9711911300e-001
8.3550000000e+002 9.9711911300e-001
8.3550000000e+002 9.9710335136e-001
8.3700000000e+002 9.9710335136e-001
8.3700000000e+002 9.9708722495e-001
8.3850000000e+002 9.9708722495e-001
8.3850000000e+002 9.9707072864e-001
8.4000000000e+002 9.9707072864e-001
8.4000000000e+002 9.9705385720e-001
8.4150000000e+002 9.9705385720e-001
8.4150000000e+002 9.9703660525e-001
8.4300000000e+002 9.9703660525e-001
8.4300000000e+002 9.9701896727e-001
8.4450000000e+002 9.9701896727e-001
8.4450000000e+002 9.9700093759e-001
8.4600000000e+002 9.9700093759e-001
8.4600000000e+002 9.9698251040e-001
8.4750000000e+002 9.9698251040e-001
8.4750000000e+002 9.9696367975e-001
8.4900000000e+002 9.9696367975e-001
8.4900000000e+002 9.9694443951e-001
8.5050000000e+002 9.9694443951e-001
8.5050000000e+002 9.9692478344e-001
8.5200000000e+002 9.9692478344e-001
8.5200000000e+002 9.9690470510e-001
8.5350000000e+002 9.9690470510e-001
8.5350000000e+002 9.9688419791e-001
8.5500000000e+002 9.9688419791e-001
8.5500000000e+002 9.9686325511e-001
8.5650000000e+002 9.9686325511e-001
8.5650000000e+002 9.9684186978e-001
8.5800000000e+002 9.9684186978e-001
8.5800000000e+002 9.9682003482e-001
8.5950000000e+002 9.9682003482e-001
8.5950000000e+002 9.9679774297e-001
8.6100000000e+002 9.9679774297e-001
8.6100000000e+002 9.9677498676e-001
8.6250000000e+002 9.9677498676e-001
8.6250000000e+002 9.9675175857e-001
8.6400000000e+002 9.9675175857e-001
8.6400000000e+002 9.9672805056e-001
8.6550000000e+002 9.9672805056e-001
8.6550000000e+002 9.9670385472e-001
8.6700000000e+002 9.9670385472e-001
8.6700000000e+002 9.9667916281e-001
8.6850000000e+002 9.9667916281e-001
8.6850000000e+002 9.9665396643e-001
8.7000000000e+002 9.9665396643e-001
8.7000000000e+002 9.9662825694e-001
8.7150000000e+002 9.9662825694e-001
8.7150000000e+002 9.9660202550e-001
8.7300000000e+002 9.9660202550e-001
8.7300000000e+002 9.9657526306e-001
8.7450000000e+002 9.9657526306e-001
8.7450000000e+002 9.9654796032e-001
8.7600000000e+002 9.9654796032e-001
8.7600000000e+002 9.9652010779e-001
8.7750000000e+002 9.9652010779e-001
8.7750000000e+002 9.9649169573e-001
8.7900000000e+002 9.9649169573e-001
8.7900000000e+002 9.9646271416e-001
8.8050000000e+002 9.9646271416e-001
8.8050000000e+002 9.9643315285e-001
8.8200000000e+002 9.9643315285e-001
8.8200000000e+002 9.9640300133e-001
8.8350000000e+002 9.9640300133e-001
8.8350000000e+002 9.9637224887e-001
8.8500000000e+002 9.9637224887e-001
8.8500000000e+002 9.9634088450e-001
8.8650000000e+002 9.9634088450e-001
8.8650000000e+002 9.9630889693e-001
8.8800000000e+002 9.9630889693e-001
8.8800000000e+002 9.9627627466e-001
8.8950000000e+002 9.9627627466e-001
8.8950000000e+002 9.9624300585e-001
8.9100000000e+002 9.9624300585e-001
8.9100000000e+002 9.9620907841e-001
8.9250000000e+002 9.9620907841e-001
8.9250000000e+002 9.9617447993e-001
8.9400000000e+002 9.9617447993e-001
8.9400000000e+002 9.9613919773e-001
8.9550000000e+002 9.9613919773e-001
8.9550000000e+002 9.9610321877e-001
8.9700000000e+002 9.9610321877e-001
8.9700000000e+002 9.9606652975e-001
8.9850000000e+002 9.9606652975e-001
8.9850000000e+002 9.9602911699e-001
9.0000000000e+002 9.9602911699e-001
9.0000000000e+002 9.9599096651e-001
9.0150000000e+002 9.9599096651e-001
9.0150000000e+002 9.9595206397e-001
9.0300000000e+002 9.9595206397e-001
9.0300000000e+002 9.9591239470e-001
9.0450000000e+002 9.9591239470e-001
9.0450000000e+002 9.9587194365e-001
9.0600000000e+002 9.9587194365e-001
9.0600000000e+002 9.9583069540e-001
9.0750000000e+002 9.9583069540e-001
9.0750000000e+002 9.9578863417e-001
9.0900000000e+002 9.9578863417e-001
9.0900000000e+002 9.9574574377e-001
9.1050000000e+002 9.9574574377e-001
9.1050000000e+002 9.9570200763e-001
9.1200000000e+002 9.9570200763e-001
9.1200000000e+002 9.9565740875e-001
9.1350000000e+002 9.9565740875e-001
9.1350000000e+002 9.9561192975e-001
9.1500000000e+002 9.9561192975e-001
9.1500000000e+002 9.9556555277e-001
9.1650000000e+002 9.9556555277e-001
9.1650000000e+002 9.9551825954e-001
9.1800000000e+002 9.9551825954e-001
9.1800000000e+002 9.9547003135e-001
9.1950000000e+002 9.9547003135e-001
9.1950000000e+002 9.9542084899e-001
9.2100000000e+002 9.9542084899e-001
9.2100000000e+002 9.9537069280e-001
9.2250000000e+002 9.9537069280e-001
9.2250000000e+002 9.9531954263e-001
9.2400000000e+002 9.9531954263e-001
9.2400000000e+002 9.9526737781e-001
9.2550000000e+002 9.9526737781e-001
9.2550000000e+002 9.9521417718e-001
9.2700000000e+002 9.9521417718e-001
9.2700000000e+002 9.9515991904e-001
9.2850000000e+002 9.9515991904e-001
9.2850000000e+002 9.9510458115e-001
9.3000000000e+002 9.9510458115e-001
9.3000000000e+002 9.9504814072e-001
9.3150000000e+002 9.9504814072e-001
9.3150000000e+002 9.9499057437e-001
9.3300000000e+002 9.9499057437e-001
9.3300000000e+002 9.9493185815e-001
9.3450000000e+002 9.9493185815e-001
9.3450000000e+002 9.9487196752e-001
9.3600000000e+002 9.9487196752e-001
9.3600000000e+002 9.9481087730e-001
9.3750000000e+002 9.9481087730e-001
9.3750000000e+002 9.9474856169e-001
9.3900000000e+002 9.9474856169e-001
9.3900000000e+002 9.9468499423e-001
9.4050000000e+002 9.9468499423e-001
9.4050000000e+002 9.9462014779e-001
9.4200000000e+002 9.9462014779e-001
9.4200000000e+002 9.9455399458e-001
9.4350000000e+002 9.9455399458e-001
9.4350000000e+002 9.9448650607e-001
9.4500000000e+002 9.9448650607e-001
9.4500000000e+002 9.9441765303e-001
9.4650000000e+002 9.9441765303e-001
9.4650000000e+002 9.9434740547e-001
9.4800000000e+002 9.9434740547e-001
9.4800000000e+002 9.9427573266e-001
9.4950000000e+002 9.9427573266e-001
9.4950000000e+002 9.9420260307e-001
9.5100000000e+002 9.9420260307e-001
9.5100000000e+002 9.9412798436e-001
9.5250000000e+002 9.9412798436e-001
9.5250000000e+002 9.9405184337e-001
9.5400000000e+002 9.9405184337e-001
9.5400000000e+002 9.9397414609e-001
9.5550000000e+002 9.9397414609e-001
9.5550000000e+002 9.9389485765e-001
9.5700000000e+002 9.9389485765e-001
9.5700000000e+002 9.9381394226e-001
9.5850000000e+002 9.9381394226e-001
9.5850000000e+002 9.9373136322e-001
9.6000000000e+002 9.9373136322e-001
9.6000000000e+002 9.9364708288e-001
9.6150000000e+002 9.9364708288e-001
9.6150000000e+002 9.9356106263e-001
9.6300000000e+002 9.9356106263e-001
9.6300000000e+002 9.9347326284e-001
9.6450000000e+002 9.9347326284e-001
9.6450000000e+002 9.9338364287e-001
9.6600000000e+002 9.9338364287e-001
9.6600000000e+002 9.9329216101e-001
9.6750000000e+002 9.9329216101e-001
9.6750000000e+002 9.9319877448e-001
9.6900000000e+002 9.9319877448e-001
9.6900000000e+002 9.9310343938e-001
9.7050000000e+002 9.9310343938e-001
9.7050000000e+002 9.9300611065e-001
9.7200000000e+002 9.9300611065e-001
9.7200000000e+002 9.9290674208e-001
9.7350000000e+002 9.9290674208e-001
9.7350000000e+002 9.9280528623e-001
9.7500000000e+002 9.9280528623e-001
9.7500000000e+002 9.9270169441e-001
9.7650000000e+002 9.9270169441e-001
9.7650000000e+002 9.9259591667e-001
9.7800000000e+002 9.9259591667e-001
9.7800000000e+002 9.9248790174e-001
9.7950000000e+002 9.9248790174e-001
9.7950000000e+002 9.9237759698e-001
9.8100000000e+002 9.9237759698e-001
9.8100000000e+002 9.9226494839e-001
9.8250000000e+002 9.9226494839e-001
9.8250000000e+002 9.9214990051e-001
9.8400000000e+002 9.9214990051e-001
9.8400000000e+002 9.9203239644e-001
9.8550000000e+002 9.9203239644e-001
9.8550000000e+002 9.9191237776e-001
9.8700000000e+002 9.9191237776e-001
9.8700000000e+002 9.9178978448e-001
9.8850000000e+002 9.9178978448e-001
9.8850000000e+002 9.9166455503e-001
9.9000000000e+002 9.9166455503e-001
9.9000000000e+002 9.9153662621e-001
9.9150000000e+002 9.9153662621e-001
9.9150000000e+002 9.9140593310e-001
9.9300000000e+002 9.9140593310e-001
9.9300000000e+002 9.9127240906e-001
9.9450000000e+002 9.9127240906e-001
9.9450000000e+002 9.9113598568e-001
9.9600000000e+002 9.9113598568e-001
9.9600000000e+002 9.9099659269e-001
9.9750000000e+002 9.9099659269e-001
9.9750000000e+002 9.9085415793e-001
9.9900000000e+002 9.9085415793e-001
9.9900000000e+002 9.9070860733e-001
1.0005000000e+003 9.9070860733e-001
1.0005000000e+003 9.9055986479e-001
1.0020000000e+003 9.9055986479e-001
1.0020000000e+003 9.9040785216e-001
1.0035000000e+003 9.9040785216e-001
1.0035000000e+003 9.9025248920e-001
1.0050000000e+003 9.9025248920e-001
1.0050000000e+003 9.9009369346e-001
1.0065000000e+003 9.9009369346e-001
1.0065000000e+003 9.8993138029e-001
1.0080000000e+003 9.8993138029e-001
1.0080000000e+003 9.8976546272e-001
1.0095000000e+003 9.8976546272e-001
1.0095000000e+003 9.8959585142e-001
1.0110000000e+003 9.8959585142e-001
1.0110000000e+003 9.8942245462e-001
1.0125000000e+003 9.8942245462e-001
1.0125000000e+003 9.8924517807e-001
1.0140000000e+003 9.8924517807e-001
1.0140000000e+003 9.8906392491e-001
1.0155000000e+003 9.8906392491e-001
1.0155000000e+003 9.8887859567e-001
1.0170000000e+003 9.8887859567e-001
1.0170000000e+003 9.8868908813e-001
1.0185000000e+003 9.8868908813e-001
1.0185000000e+003 9.8849529727e-001
1.0200000000e+003 9.8849529727e-001
1.0200000000e+003 9.8829711519e-001
1.0215000000e+003 9.8829711519e-001
1.0215000000e+003 9.8809443103e-001
1.0230000000e+003 9.8809443103e-001
1.0230000000e+003 9.8788713088e-001
1.0245000000e+003 9.8788713088e-001
1.0245000000e+003 9.8767509767e-001
1.0260000000e+003 9.8767509767e-001
1.0260000000e+003 9.8745821113e-001
1.0275000000e+003 9.8745821113e-001
1.0275000000e+003 9.8723634765e-001
1.0290000000e+003 9.8723634765e-001
1.0290000000e+003 9.8700938020e-001
1.0305000000e+003 9.8700938020e-001
1.0305000000e+003 9.8677717825e-001
1.0320000000e+003 9.8677717825e-001
1.0320000000e+003 9.8653960763e-001
1.0335000000e+003 9.8653960763e-001
1.0335000000e+003 9.8629653048e-001
1.0350000000e+003 9.8629653048e-001
1.0350000000e+003 9.8604780509e-001
1.0365000000e+003 9.8604780509e-001
1.0365000000e+003 9.8579328581e-001
1.0380000000e+003 9.8579328581e-001
1.0380000000e+003 9.8553282295e-001
1.0395000000e+003 9.8553282295e-001
1.0395000000e+003 9.8526626265e-001
1.0410000000e+003 9.8526626265e-001
1.0410000000e+003 9.8499344676e-001
1.0425000000e+003 9.8499344676e-001
1.0425000000e+003 9.8471421274e-001
1.0440000000e+003 9.8471421274e-001
1.0440000000e+003 9.8442839347e-001
1.0455000000e+003 9.8442839347e-001
1.0455000000e+003 9.8413581721e-001
1.0470000000e+003 9.8413581721e-001
1.0470000000e+003 9.8383630741e-001
1.0485000000e+003 9.8383630741e-001
1.0485000000e+003 9.8352968256e-001
1.0500000000e+003 9.8352968256e-001
1.0500000000e+003 9.8321575610e-001
1.0515000000e+003 9.8321575610e-001
1.0515000000e+003 9.8289433623e-001
1.0530000000e+003 9.8289433623e-001
1.0530000000e+003 9.8256522580e-001
1.0545000000e+003 9.8256522580e-001
1.0545000000e+003 9.8222822212e-001
1.0560000000e+003 9.8222822212e-001
1.0560000000e+003 9.8188311682e-001
1.0575000000e+003 9.8188311682e-001
1.0575000000e+003 9.8152969571e-001
1.0590000000e+003 9.8152969571e-001
1.0590000000e+003 9.8116773858e-001
1.0605000000e+003 9.8116773858e-001
1.0605000000e+003 9.8079701903e-001
1.0620000000e+003 9.8079701903e-001
1.0620000000e+003 9.8041730434e-001
1.0635000000e+003 9.8041730434e-001
1.0635000000e+003 9.8002835525e-001
1.0650000000e+003 9.8002835525e-001
1.0650000000e+003 9.7962992578e-001
1.0665000000e+003 9.7962992578e-001
1.0665000000e+003 9.7922176308e-001
1.0680000000e+003 9.7922176308e-001
1.0680000000e+003 9.7880360719e-001
1.0695000000e+003 9.7880360719e-001
1.0695000000e+003 9.7837519085e-001
1.0710000000e+003 9.7837519085e-001
1.0710000000e+003 9.7793623935e-001
1.0725000000e+003 9.7793623935e-001
1.0725000000e+003 9.7748647025e-001
1.0740000000e+003 9.7748647025e-001
1.0740000000e+003 9.7702559323e-001
1.0755000000e+003 9.7702559323e-001
1.0755000000e+003 9.7655330981e-001
1.0770000000e+003 9.7655330981e-001
1.0770000000e+003 9.7606931321e-001
1.0785000000e+003 9.7606931321e-001
1.0785000000e+003 9.7557328804e-001
1.0800000000e+003 9.7557328804e-001
1.0800000000e+003 9.7506491013e-001
1.0815000000e+003 9.7506491013e-001
1.0815000000e+003 9.7454384625e-001
1.0830000000e+003 9.7454384625e-001
1.0830000000e+003 9.7400975389e-001
1.0845000000e+003 9.7400975389e-001
1.0845000000e+003 9.7346228103e-001
1.0860000000e+003 9.7346228103e-001
1.0860000000e+003 9.7290106583e-001
1.0875000000e+003 9.7290106583e-001
1.0875000000e+003 9.7232573644e-001
1.0890000000e+003 9.7232573644e-001
1.0890000000e+003 9.7173591067e-001
1.0905000000e+003 9.7173591067e-001
1.0905000000e+003 9.7113119578e-001
1.0920000000e+003 9.7113119578e-001
1.0920000000e+003 9.7051118819e-001
1.0935000000e+003 9.7051118819e-001
1.0935000000e+003 9.6987547316e-001
1.0950000000e+003 9.6987547316e-001
1.0950000000e+003 9.6922362458e-001
1.0965000000e+003 9.6922362458e-001
1.0965000000e+003 9.6855520460e-001
1.0980000000e+003 9.6855520460e-001
1.0980000000e+003 9.6786976342e-001
1.0995000000e+003 9.6786976342e-001
1.0995000000e+003 9.6716683892e-001
1.1010000000e+003 9.6716683892e-001
1.1010000000e+003 9.6644595642e-001
1.1025000000e+003 9.6644595642e-001
1.1025000000e+003 9.6570662830e-001
1.1040000000e+003 9.6570662830e-001
1.1040000000e+003 9.6494835377e-001
1.1055000000e+003 9.6494835377e-001
1.1055000000e+003 9.6417061850e-001
1.1070000000e+003 9.6417061850e-001
1.1070000000e+003 9.6337289433e-001
1.1085000000e+003 9.6337289433e-001
1.1085000000e+003 9.6255463893e-001
1.1100000000e+003 9.6255463893e-001
1.1100000000e+003 9.6171529550e-001
1.1115000000e+003 9.6171529550e-001
1.1115000000e+003 9.6085429240e-001
1.1130000000e+003 9.6085429240e-001
1.1130000000e+003 9.5997104287e-001
1.1145000000e+003 9.5997104287e-001
1.1145000000e+003 9.5906494470e-001
1.1160000000e+003 9.5906494470e-001
1.1160000000e+003 9.5813537982e-001
1.1175000000e+003 9.5813537982e-001
1.1175000000e+003 9.5718171409e-001
1.1190000000e+003 9.5718171409e-001
1.1190000000e+003 9.5620329685e-001
1.1205000000e+003 9.5620329685e-001
1.1205000000e+003 9.5519946067e-001
1.1220000000e+003 9.5519946067e-001
1.1220000000e+003 9.5416952098e-001
1.1235000000e+003 9.5416952098e-001
1.1235000000e+003 9.5311277575e-001
1.1250000000e+003 9.5311277575e-001
1.1250000000e+003 9.5202850517e-001
1.1265000000e+003 9.5202850517e-001
1.1265000000e+003 9.5091597132e-001
1.1280000000e+003 9.5091597132e-001
1.1280000000e+003 9.4977441785e-001
1.1295000000e+003 9.4977441785e-001
1.1295000000e+003 9.4860306967e-001
1.1310000000e+003 9.4860306967e-001
1.1310000000e+003 9.4740113266e-001
1.1325000000e+003 9.4740113266e-001
1.1325000000e+003 9.4616779335e-001
1.1340000000e+003 9.4616779335e-001
1.1340000000e+003 9.4490221863e-001
1.1355000000e+003 9.4490221863e-001
1.1355000000e+003 9.4360355551e-001
1.1370000000e+003 9.4360355551e-001
1.1370000000e+003 9.4227093080e-001
1.1385000000e+003 9.4227093080e-001
1.1385000000e+003 9.4090345091e-001
1.1400000000e+003 9.4090345091e-001
1.1400000000e+003 9.3950020156e-001
1.1415000000e+003 9.3950020156e-001
1.1415000000e+003 9.3806024762e-001
1.1430000000e+003 9.3806024762e-001
1.1430000000e+003 9.3658263285e-001
1.1445000000e+003 9.3658263285e-001
1.1445000000e+003 9.3506637975e-001
1.1460000000e+003 9.3506637975e-001
1.1460000000e+003 9.3351048942e-001
1.1475000000e+003 9.3351048942e-001
1.1475000000e+003 9.3191394139e-001
1.1490000000e+003 9.3191394139e-001
1.1490000000e+003 9.3027569353e-001
1.1505000000e+003 9.3027569353e-001
1.1505000000e+003 9.2859468198e-001
1.1520000000e+003 9.2859468198e-001
1.1520000000e+003 9.2686982111e-001
1.1535000000e+003 9.2686982111e-001
1.1535000000e+003 9.2510000352e-001
1.1550000000e+003 9.2510000352e-001
1.1550000000e+003 9.2328410002e-001
1.1565000000e+003 9.2328410002e-001
1.1565000000e+003 9.2142095978e-001
1.1580000000e+003 9.2142095978e-001
1.1580000000e+003 9.1950941040e-001
1.1595000000e+003 9.1950941040e-001
1.1595000000e+003 9.1754825807e-001
1.1610000000e+003 9.1754825807e-001
1.1610000000e+003 9.1553628782e-001
1.1625000000e+003 9.1553628782e-001
1.1625000000e+003 9.1347226376e-001
1.1640000000e+003 9.1347226376e-001
1.1640000000e+003 9.1135492942e-001
1.1655000000e+003 9.1135492942e-001
1.1655000000e+003 9.0918300815e-001
1.1670000000e+003 9.0918300815e-001
1.1670000000e+003 9.0695520357e-001
1.1685000000e+003 9.0695520357e-001
1.1685000000e+003 9.0467020010e-001
1.1700000000e+003 9.0467020010e-001
1.1700000000e+003 9.0232666356e-001
1.1715000000e+003 9.0232666356e-001
1.1715000000e+003 8.9992324187e-001
1.1730000000e+003 8.9992324187e-001
1.1730000000e+003 8.9745856579e-001
1.1745000000e+003 8.9745856579e-001
1.1745000000e+003 8.9493124982e-001
1.1760000000e+003 8.9493124982e-001
1.1760000000e+003 8.9233989310e-001
1.1775000000e+003 8.9233989310e-001
1.1775000000e+003 8.8968308048e-001
1.1790000000e+003 8.8968308048e-001
1.1790000000e+003 8.8695938368e-001
1.1805000000e+003 8.8695938368e-001
1.1805000000e+003 8.8416736253e-001
1.1820000000e+003 8.8416736253e-001
1.1820000000e+003 8.8130556636e-001
1.1835000000e+003 8.8130556636e-001
1.1835000000e+003 8.7837253546e-001
1.1850000000e+003 8.7837253546e-001
1.1850000000e+003 8.7536680273e-001
1.1865000000e+003 8.7536680273e-001
1.1865000000e+003 8.7228689537e-001
1.1880000000e+003 8.7228689537e-001
1.1880000000e+003 8.6913133679e-001
1.1895000000e+003 8.6913133679e-001
1.1895000000e+003 8.6589864860e-001
1.1910000000e+003 8.6589864860e-001
1.1910000000e+003 8.6258735277e-001
1.1925000000e+003 8.6258735277e-001
1.1925000000e+003 8.5919597389e-001
1.1940000000e+003 8.5919597389e-001
1.1940000000e+003 8.5572304164e-001
1.1955000000e+003 8.5572304164e-001
1.1955000000e+003 8.5216709338e-001
1.1970000000e+003 8.5216709338e-001
1.1970000000e+003 8.4852667691e-001
1.1985000000e+003 8.4852667691e-001
1.1985000000e+003 8.4480035332e-001
1.2000000000e+003 8.4480035332e-001
1.2000000000e+003 8.4098670016e-001
1.2015000000e+003 8.4098670016e-001
1.2015000000e+003 8.3708431457e-001
1.2030000000e+003 8.3708431457e-001
1.2030000000e+003 8.3309181676e-001
1.2045000000e+003 8.3309181676e-001
1.2045000000e+003 8.2900785350e-001
1.2060000000e+003 8.2900785350e-001
1.2060000000e+003 8.2483110191e-001
1.2075000000e+003 8.2483110191e-001
1.2075000000e+003 8.2056027331e-001
1.2090000000e+003 8.2056027331e-001
1.2090000000e+003 8.1619411728e-001
1.2105000000e+003 8.1619411728e-001
1.2105000000e+003 8.1173142588e-001
1.2120000000e+003 8.1173142588e-001
1.2120000000e+003 8.0717103799e-001
1.2135000000e+003 8.0717103799e-001
1.2135000000e+003 8.0251184387e-001
1.2150000000e+003 8.0251184387e-001
1.2150000000e+003 7.9775278977e-001
1.2165000000e+003 7.9775278977e-001
1.2165000000e+003 7.9289288276e-001
1.2180000000e+003 7.9289288276e-001
1.2180000000e+003 7.8793119564e-001
1.2195000000e+003 7.8793119564e-001
1.2195000000e+003 7.8286687200e-001
1.2210000000e+003 7.8286687200e-001
1.2210000000e+003 7.7769913131e-001
1.2225000000e+003 7.7769913131e-001
1.2225000000e+003 7.7242727424e-001
1.2240000000e+003 7.7242727424e-001
1.2240000000e+003 7.6705068793e-001
1.2255000000e+003 7.6705068793e-001
1.2255000000e+003 7.6156885136e-001
1.2270000000e+003 7.6156885136e-001
1.2270000000e+003 7.5598134082e-001
1.2285000000e+003 7.5598134082e-001
1.2285000000e+003 7.5028783531e-001
1.2300000000e+003 7.5028783531e-001
1.2300000000e+003 7.4448812203e-001
1.2315000000e+003 7.4448812203e-001
1.2315000000e+003 7.3858210177e-001
1.2330000000e+003 7.3858210177e-001
1.2330000000e+003 7.3256979437e-001
1.2345000000e+003 7.3256979437e-001
1.2345000000e+003 7.2645134394e-001
1.2360000000e+003 7.2645134394e-001
1.2360000000e+003 7.2022702418e-001
1.2375000000e+003 7.2022702418e-001
1.2375000000e+003 7.1389724338e-001
1.2390000000e+003 7.1389724338e-001
1.2390000000e+003 7.0746254946e-001
1.2405000000e+003 7.0746254946e-001
1.2405000000e+003 7.0092363463e-001
1.2420000000e+003 7.0092363463e-001
1.2420000000e+003 6.9428133997e-001
1.2435000000e+003 6.9428133997e-001
1.2435000000e+003 6.8753665969e-001
1.2450000000e+003 6.8753665969e-001
1.2450000000e+003 6.8069074511e-001
1.2465000000e+003 6.8069074511e-001
1.2465000000e+003 6.7374490837e-001
1.2480000000e+003 6.7374490837e-001
1.2480000000e+003 6.6670062568e-001
1.2495000000e+003 6.6670062568e-001
1.2495000000e+003 6.5955954027e-001
1.2510000000e+003 6.5955954027e-001
1.2510000000e+003 6.5232346489e-001
1.2525000000e+003 6.5232346489e-001
1.2525000000e+003 6.4499438384e-001
1.2540000000e+003 6.4499438384e-001
1.2540000000e+003 6.3757445447e-001
1.2555000000e+003 6.3757445447e-001
1.2555000000e+003 6.3006600829e-001
1.2570000000e+003 6.3006600829e-001
1.2570000000e+003 6.2247155132e-001
1.2585000000e+003 6.2247155132e-001
1.2585000000e+003 6.1479376407e-001
1.2600000000e+003 6.1479376407e-001
1.2600000000e+003 6.0703550079e-001
1.2615000000e+003 6.0703550079e-001
1.2615000000e+003 5.9919978808e-001
1.2630000000e+003 5.9919978808e-001
1.2630000000e+003 5.9128982293e-001
1.2645000000e+003 5.9128982293e-001
1.2645000000e+003 5.8330897006e-001
1.2660000000e+003 5.8330897006e-001
1.2660000000e+003 5.7526075854e-001
1.2675000000e+003 5.7526075854e-001
1.2675000000e+003 5.6714887778e-001
1.2690000000e+003 5.6714887778e-001
1.2690000000e+003 5.5897717278e-001
1.2705000000e+003 5.5897717278e-001
1.2705000000e+003 5.5074963876e-001
1.2720000000e+003 5.5074963876e-001
1.2720000000e+003 5.4247041498e-001
1.2735000000e+003 5.4247041498e-001
1.2735000000e+003 5.3414377803e-001
1.2750000000e+003 5.3414377803e-001
1.2750000000e+003 5.2577413432e-001
1.2765000000e+003 5.2577413432e-001
1.2765000000e+003 5.1736601199e-001
1.2780000000e+003 5.1736601199e-001
1.2780000000e+003 5.0892405222e-001
1.2795000000e+003 5.0892405222e-001
1.2795000000e+003 5.0045299988e-001
1.2810000000e+003 5.0045299988e-001
1.2810000000e+003 4.9195769366e-001
1.2825000000e+003 4.9195769366e-001
1.2825000000e+003 4.8344305571e-001
1.2840000000e+003 4.8344305571e-001
1.2840000000e+003 4.7491408072e-001
1.2855000000e+003 4.7491408072e-001
1.2855000000e+003 4.6637582464e-001
1.2870000000e+003 4.6637582464e-001
1.2870000000e+003 4.5783339300e-001
1.2885000000e+003 4.5783339300e-001
1.2885000000e+003 4.4929192891e-001
1.2900000000e+003 4.4929192891e-001
1.2900000000e+003 4.4075660077e-001
1.2915000000e+003 4.4075660077e-001
1.2915000000e+003 4.3223258982e-001
1.2930000000e+003 4.3223258982e-001
1.2930000000e+003 4.2372507751e-001
1.2945000000e+003 4.2372507751e-001
1.2945000000e+003 4.1523923278e-001
1.2960000000e+003 4.1523923278e-001
1.2960000000e+003 4.0678019941e-001
1.2975000000e+003 4.0678019941e-001
1.2975000000e+003 3.9835308334e-001
1.2990000000e+003 3.9835308334e-001
1.2990000000e+003 3.8996294011e-001
1.3005000000e+003 3.8996294011e-001
1.3005000000e+003 3.8161476257e-001
1.3020000000e+003 3.8161476257e-001
1.3020000000e+003 3.7331346874e-001
1.3035000000e+003 3.7331346874e-001
1.3035000000e+003 3.6506389007e-001
1.3050000000e+003 3.6506389007e-001
1.3050000000e+003 3.5687075999e-001
1.3065000000e+003 3.5687075999e-001
1.3065000000e+003 3.4873870295e-001
1.3080000000e+003 3.4873870295e-001
1.3080000000e+003 3.4067222393e-001
1.3095000000e+003 3.4067222393e-001
1.3095000000e+003 3.3267569846e-001
1.3110000000e+003 3.3267569846e-001
1.3110000000e+003 3.2475336325e-001
1.3125000000e+003 3.2475336325e-001
1.3125000000e+003 3.1690930740e-001
1.3140000000e+003 3.1690930740e-001
1.3140000000e+003 3.0914746432e-001
1.3155000000e+003 3.0914746432e-001
1.3155000000e+003 3.0147160429e-001
1.3170000000e+003 3.0147160429e-001
1.3170000000e+003 2.9388532775e-001
1.3185000000e+003 2.9388532775e-001
1.3185000000e+003 2.8639205931e-001
1.3200000000e+003 2.8639205931e-001
1.3200000000e+003 2.7899504256e-001
1.3215000000e+003 2.7899504256e-001
1.3215000000e+003 2.7169733552e-001
1.3230000000e+003 2.7169733552e-001
1.3230000000e+003 2.6450180703e-001
1.3245000000e+003 2.6450180703e-001
1.3245000000e+003 2.5741113371e-001
1.3260000000e+003 2.5741113371e-001
1.3260000000e+003 2.5042779782e-001
1.3275000000e+003 2.5042779782e-001
1.3275000000e+003 2.4355408576e-001
1.3290000000e+003 2.4355408576e-001
1.3290000000e+003 2.3679208740e-001
1.3305000000e+003 2.3679208740e-001
1.3305000000e+003 2.3014369603e-001
1.3320000000e+003 2.3014369603e-001
1.3320000000e+003 2.2361060906e-001
1.3335000000e+003 2.2361060906e-001
1.3335000000e+003 2.1719432932e-001
1.3350000000e+003 2.1719432932e-001
1.3350000000e+003 2.1089616702e-001
1.3365000000e+003 2.1089616702e-001
1.3365000000e+003 2.0471724235e-001
1.3380000000e+003 2.0471724235e-001
1.3380000000e+003 1.9865848856e-001
1.3395000000e+003 1.9865848856e-001
1.3395000000e+003 1.9272065559e-001
1.3410000000e+003 1.9272065559e-001
1.3410000000e+003 1.8690431423e-001
1.3425000000e+003 1.8690431423e-001
1.3425000000e+003 1.8120986068e-001
1.3440000000e+003 1.8120986068e-001
1.3440000000e+003 1.7563752149e-001
1.3455000000e+003 1.7563752149e-001
1.3455000000e+003 1.7018735895e-001
1.3470000000e+003 1.7018735895e-001
1.3470000000e+003 1.6485927670e-001
1.3485000000e+003 1.6485927670e-001
1.3485000000e+003 1.5965302572e-001
1.3500000000e+003 1.5965302572e-001
1.3500000000e+003 1.5456821044e-001
1.3515000000e+003 1.5456821044e-001
1.3515000000e+003 1.4960429518e-001
1.3530000000e+003 1.4960429518e-001
1.3530000000e+003 1.4476061068e-001
1.3545000000e+003 1.4476061068e-001
1.3545000000e+003 1.4003636074e-001
1.3560000000e+003 1.4003636074e-001
1.3560000000e+003 1.3543062898e-001
1.3575000000e+003 1.3543062898e-001
1.3575000000e+003 1.3094238570e-001
1.3590000000e+003 1.3094238570e-001
1.3590000000e+003 1.2657049462e-001
1.3605000000e+003 1.2657049462e-001
1.3605000000e+003 1.2231371980e-001
1.3620000000e+003 1.2231371980e-001
1.3620000000e+003 1.1817073236e-001
1.3635000000e+003 1.1817073236e-001
1.3635000000e+003 1.1414011724e-001
1.3650000000e+003 1.1414011724e-001
1.3650000000e+003 1.1022037980e-001
1.3665000000e+003 1.1022037980e-001
1.3665000000e+003 1.0640995241e-001
1.3680000000e+003 1.0640995241e-001
1.3680000000e+003 1.0270720079e-001
1.3695000000e+003 1.0270720079e-001
1.3695000000e+003 9.9110430291e-002
1.3710000000e+003 9.9110430291e-002
1.3710000000e+003 9.5617891963e-002
1.3725000000e+003 9.5617891963e-002
1.3725000000e+003 9.2227788489e-002
1.3740000000e+003 9.2227788489e-002
1.3740000000e+003 8.8938279893e-002
1.3755000000e+003 8.8938279893e-002
1.3755000000e+003 8.5747489057e-002
1.3770000000e+003 8.5747489057e-002
1.3770000000e+003 8.2653507041e-002
1.3785000000e+003 8.2653507041e-002
1.3785000000e+003 7.9654398179e-002
1.3800000000e+003 7.9654398179e-002
1.3800000000e+003 7.6748204956e-002
1.3815000000e+003 7.6748204956e-002
1.3815000000e+003 7.3932952660e-002
1.3830000000e+003 7.3932952660e-002
1.3830000000e+003 7.1206653813e-002
1.3845000000e+003 7.1206653813e-002
1.3845000000e+003 6.8567312369e-002
1.3860000000e+003 6.8567312369e-002
1.3860000000e+003 6.6012927689e-002
1.3875000000e+003 6.6012927689e-002
1.3875000000e+003 6.3541498288e-002
1.3890000000e+003 6.3541498288e-002
1.3890000000e+003 6.1151025357e-002
1.3905000000e+003 6.1151025357e-002
1.3905000000e+003 5.8839516070e-002
1.3920000000e+003 5.8839516070e-002
1.3920000000e+003 5.6604986667e-002
1.3935000000e+003 5.6604986667e-002
1.3935000000e+003 5.4445465331e-002
1.3950000000e+003 5.4445465331e-002
1.3950000000e+003 5.2358994852e-002
1.3965000000e+003 5.2358994852e-002
1.3965000000e+003 5.0343635097e-002
1.3980000000e+003 5.0343635097e-002
1.3980000000e+003 4.8397465278e-002
1.3995000000e+003 4.8397465278e-002
1.3995000000e+003 4.6518586035e-002
1.4010000000e+003 4.6518586035e-002
1.4010000000e+003 4.4705121334e-002
1.4025000000e+003 4.4705121334e-002
1.4025000000e+003 4.2955220193e-002
1.4040000000e+003 4.2955220193e-002
1.4040000000e+003 4.1267058239e-002
1.4055000000e+003 4.1267058239e-002
1.4055000000e+003 3.9638839101e-002
1.4070000000e+003 3.9638839101e-002
1.4070000000e+003 3.8068795658e-002
1.4085000000e+003 3.8068795658e-002
1.4085000000e+003 3.6555191130e-002
1.4100000000e+003 3.6555191130e-002
1.4100000000e+003 3.5096320041e-002
1.4115000000e+003 3.5096320041e-002
1.4115000000e+003 3.3690509043e-002
1.4130000000e+003 3.3690509043e-002
1.4130000000e+003 3.2336117618e-002
1.4145000000e+003 3.2336117618e-002
1.4145000000e+003 3.1031538669e-002
1.4160000000e+003 3.1031538669e-002
1.4160000000e+003 2.9775198988e-002
1.4175000000e+003 2.9775198988e-002
1.4175000000e+003 2.8565559636e-002
1.4190000000e+003 2.8565559636e-002
1.4190000000e+003 2.7401116214e-002
1.4205000000e+003 2.7401116214e-002
1.4205000000e+003 2.6280399053e-002
1.4220000000e+003 2.6280399053e-002
1.4220000000e+003 2.5201973311e-002
1.4235000000e+003 2.5201973311e-002
1.4235000000e+003 2.4164439000e-002
1.4250000000e+003 2.4164439000e-002
1.4250000000e+003 2.3166430939e-002
1.4265000000e+003 2.3166430939e-002
1.4265000000e+003 2.2206618636e-002
1.4280000000e+003 2.2206618636e-002
1.4280000000e+003 2.1283706114e-002
1.4295000000e+003 2.1283706114e-002
1.4295000000e+003 2.0396431676e-002
1.4310000000e+003 2.0396431676e-002
1.4310000000e+003 1.9543567625e-002
1.4325000000e+003 1.9543567625e-002
1.4325000000e+003 1.8723919931e-002
1.4340000000e+003 1.8723919931e-002
1.4340000000e+003 1.7936327858e-002
1.4355000000e+003 1.7936327858e-002
1.4355000000e+003 1.7179663554e-002
1.4370000000e+003 1.7179663554e-002
1.4370000000e+003 1.6452831604e-002
1.4385000000e+003 1.6452831604e-002
1.4385000000e+003 1.5754768557e-002
1.4400000000e+003 1.5754768557e-002
1.4400000000e+003 1.5084442417e-002
1.4415000000e+003 1.5084442417e-002
1.4415000000e+003 1.4440852122e-002
1.4430000000e+003 1.4440852122e-002
1.4430000000e+003 1.3823026994e-002
1.4445000000e+003 1.3823026994e-002
1.4445000000e+003 1.3230026172e-002
1.4460000000e+003 1.3230026172e-002
1.4460000000e+003 1.2660938034e-002
1.4475000000e+003 1.2660938034e-002
1.4475000000e+003 1.2114879600e-002
1.4490000000e+003 1.2114879600e-002
1.4490000000e+003 1.1590995931e-002
1.4505000000e+003 1.1590995931e-002
1.4505000000e+003 1.1088459516e-002
1.4520000000e+003 1.1088459516e-002
1.4520000000e+003 1.0606469656e-002
1.4535000000e+003 1.0606469656e-002
1.4535000000e+003 1.0144251837e-002
1.4550000000e+003 1.0144251837e-002
1.4550000000e+003 9.7010571108e-003
1.4565000000e+003 9.7010571108e-003
1.4565000000e+003 9.2761614651e-003
1.4580000000e+003 9.2761614651e-003
1.4580000000e+003 8.8688652003e-003
1.4595000000e+003 8.8688652003e-003
1.4595000000e+003 8.4784923052e-003
1.4610000000e+003 8.4784923052e-003
1.4610000000e+003 8.1043898370e-003
1.4625000000e+003 8.1043898370e-003
1.4625000000e+003 7.7459273047e-003
1.4640000000e+003 7.7459273047e-003
1.4640000000e+003 7.4024960581e-003
1.4655000000e+003 7.4024960581e-003
1.4655000000e+003 7.0735086828e-003
1.4670000000e+003 7.0735086828e-003
1.4670000000e+003 6.7583984019e-003
1.4685000000e+003 6.7583984019e-003
1.4685000000e+003 6.4566184848e-003
1.4700000000e+003 6.4566184848e-003
1.4700000000e+003 6.1676416656e-003
1.4715000000e+003 6.1676416656e-003
1.4715000000e+003 5.8909595686e-003
1.4730000000e+003 5.8909595686e-003
1.4730000000e+003 5.6260821445e-003
1.4745000000e+003 5.6260821445e-003
1.4745000000e+003 5.3725371153e-003
1.4760000000e+003 5.3725371153e-003
1.4760000000e+003 5.1298694299e-003
1.4775000000e+003 5.1298694299e-003
1.4775000000e+003 4.8976407301e-003
1.4790000000e+003 4.8976407301e-003
1.4790000000e+003 4.6754288266e-003
1.4805000000e+003 4.6754288266e-003
1.4805000000e+003 4.4628271871e-003
1.4820000000e+003 4.4628271871e-003
1.4820000000e+003 4.2594444342e-003
1.4835000000e+003 4.2594444342e-003
1.4835000000e+003 4.0649038555e-003
1.4850000000e+003 4.0649038555e-003
1.4850000000e+003 3.8788429245e-003
1.4865000000e+003 3.8788429245e-003
1.4865000000e+003 3.7009128329e-003
1.4880000000e+003 3.7009128329e-003
1.4880000000e+003 3.5307780345e-003
1.4895000000e+003 3.5307780345e-003
1.4895000000e+003 3.3681158003e-003
1.4910000000e+003 3.3681158003e-003
1.4910000000e+003 3.2126157852e-003
1.4925000000e+003 3.2126157852e-003
1.4925000000e+003 3.0639796058e-003
1.4940000000e+003 3.0639796058e-003
1.4940000000e+003 2.9219204294e-003
1.4955000000e+003 2.9219204294e-003
1.4955000000e+003 2.7861625747e-003
1.4970000000e+003 2.7861625747e-003
1.4970000000e+003 2.6564411229e-003
1.4985000000e+003 2.6564411229e-003
1.4985000000e+003 2.5325015400e-003
1.5000000000e+003 2.5325015400e-003
