0.0000000000e+000 5.4898868838e-001
1.5000000000e+000 5.4898868838e-001
1.5000000000e+000 5.4897368838e-001
3.0000000000e+000 5.4897368838e-001
3.0000000000e+000 5.4895868838e-001
4.5000000000e+000 5.4895868838e-001
4.5000000000e+000 5.4894368838e-001
6.0000000000e+000 5.4894368838e-001
6.0000000000e+000 5.4892868838e-001
7.5000000000e+000 5.4892868838e-001
7.5000000000e+000 5.4891368838e-001
9.0000000000e+000 5.4891368838e-001
9.0000000000e+000 5.4889868838e-001
1.0500000000e+001 5.4889868838e-001
1.0500000000e+001 5.4888368838e-001
1.2000000000e+001 5.4888368838e-001
1.2000000000e+001 5.4886868838e-001
1.3500000000e+001 5.4886868838e-001
1.3500000000e+001 5.4885368838e-001
1.5000000000e+001 5.4885368838e-001
1.5000000000e+001 5.4883868838e-001
1.6500000000e+001 5.4883868838e-001
1.6500000000e+001 5.4882368838e-001
1.8000000000e+001 5.4882368838e-001
1.8000000000e+001 5.4880868838e-001
1.9500000000e+001 5.4880868838e-001
1.9500000000e+001 5.4879368838e-001
2.1000000000e+001 5.4879368838e-001
2.1000000000e+001 5.4877868838e-001
2.2500000000e+001 5.4877868838e-001
2.2500000000e+001 5.4876368838e-001
2.4000000000e+001 5.4876368838e-001
2.4000000000e+001 5.4874868838e-001
2.5500000000e+001 5.4874868838e-001
2.5500000000e+001 5.4873368838e-001
2.7000000000e+001 5.4873368838e-001
2.7000000000e+001 5.4871868838e-001
2.8500000000e+001 5.4871868838e-001
2.8500000000e+001 5.4870368838e-001
3.0000000000e+001 5.4870368838e-001
3.0000000000e+001 5.4868868838e-001
3.1500000000e+001 5.4868868838e-001
3.1500000000e+001 5.4867368838e-001
3.3000000000e+001 5.4867368838e-001
3.3000000000e+001 5.4865868838e-001
3.4500000000e+001 5.4865868838e-001
3.4500000000e+001 5.4864368838e-001
3.6000000000e+001 5.4864368838e-001
3.6000000000e+001 5.4862868838e-001
3.7500000000e+001 5.4862868838e-001
3.7500000000e+001 5.4861368838e-001
3.9000000000e+001 5.4861368838e-001
3.9000000000e+001 5.4859868838e-001
4.0500000000e+001 5.4859868838e-001
4.0500000000e+001 5.4858368838e-001
4.2000000000e+001 5.4858368838e-001
4.2000000000e+001 5.4856868838e-001
4.3500000000e+001 5.4856868838e-001
4.3500000000e+001 5.4855368838e-001
4.5000000000e+001 5.4855368838e-001
4.5000000000e+001 5.4853868838e-001
4.6500000000e+001 5.4853868838e-001
4.6500000000e+001 5.4852368838e-001
4.8000000000e+001 5.4852368838e-001
4.8000000000e+001 5.4850868838e-001
4.9500000000e+001 5.4850868838e-001
4.9500000000e+001 5.4849368838e-001
5.1000000000e+001 5.4849368838e-001
5.1000000000e+001 5.4847868838e-001
5.2500000000e+001 5.4847868838e-001
5.2500000000e+001 5.4846368838e-001
5.4000000000e+001 5.4846368838e-001
5.4000000000e+001 5.4844868838e-001
5.5500000000e+001 5.4844868838e-001
5.5500000000e+001 5.4843368838e-001
5.7000000000e+001 5.4843368838e-001
5.7000000000e+001 5.4841868838e-001
5.8500000000e+001 5.4841868838e-001
5.8500000000e+001 5.4840368838e-001
6.0000000000e+001 5.4840368838e-001
6.0000000000e+001 5.4838868838e-001
6.1500000000e+001 5.4838868838e-001
6.1500000000e+001 5.4837368838e-001
6.3000000000e+001 5.4837368838e-001
6.3000000000e+001 5.4835868838e-001
6.4500000000e+001 5.4835868838e-001
6.4500000000e+001 5.4834368838e-001
6.6000000000e+001 5.4834368838e-001
6.6000000000e+001 5.4832868838e-001
6.7500000000e+001 5.4832868838e-001
6.7500000000e+001 5.4831368838e-001
6.9000000000e+001 5.4831368838e-001
6.9000000000e+001 5.4829868838e-001
7.0500000000e+001 5.4829868838e-001
7.0500000000e+001 5.4828368838e-001
7.2000000000e+001 5.4828368838e-001
7.2000000000e+001 5.4826868838e-001
7.3500000000e+001 5.4826868838e-001
7.3500000000e+001 5.4825368838e-001
7.5000000000e+001 5.4825368838e-001
7.5000000000e+001 5.4823868838e-001
7.6500000000e+001 5.4823868838e-001
7.6500000000e+001 5.4822368838e-001
7.8000000000e+001 5.4822368838e-001
7.8000000000e+001 5.4820868838e-001
7.9500000000e+001 5.4820868838e-001
7.9500000000e+001 5.4819368838e-001
8.1000000000e+001 5.4819368838e-001
8.1000000000e+001 5.4817868838e-001
8.2500000000e+001 5.4817868838e-001
8.2500000000e+001 5.4816368838e-001
8.4000000000e+001 5.4816368838e-001
8.4000000000e+001 5.4814868838e-001
8.5500000000e+001 5.4814868838e-001
8.5500000000e+001 5.4813368838e-001
8.7000000000e+001 5.4813368838e-001
8.7000000000e+001 5.4811868838e-001
8.8500000000e+001 5.4811868838e-001
8.8500000000e+001 5.4810368838e-001
9.0000000000e+001 5.4810368838e-001
9.0000000000e+001 5.4808868838e-001
9.1500000000e+001 5.4808868838e-001
9.1500000000e+001 5.4807368838e-001
9.3000000000e+001 5.4807368838e-001
9.3000000000e+001 5.4805868838e-001
9.4500000000e+001 5.4805868838e-001
9.4500000000e+001 5.4804368838e-001
9.6000000000e+001 5.4804368838e-001
9.6000000000e+001 5.4802868838e-001
9.7500000000e+001 5.4802868838e-001
9.7500000000e+001 5.4801368838e-001
9.9000000000e+001 5.4801368838e-001
9.9000000000e+001 5.4799868838e-001
1.0050000000e+002 5.4799868838e-001
1.0050000000e+002 5.4798368838e-001
1.0200000000e+002 5.4798368838e-001
1.0200000000e+002 5.4796868838e-001
1.0350000000e+002 5.4796868838e-001
1.0350000000e+002 5.4795368838e-001
1.0500000000e+002 5.4795368838e-001
1.0500000000e+002 5.4793868838e-001
1.0650000000e+002 5.4793868838e-001
1.0650000000e+002 5.4792368838e-001
1.0800000000e+002 5.4792368838e-001
1.0800000000e+002 5.4790868838e-001
1.0950000000e+002 5.4790868838e-001
1.0950000000e+002 5.4789368838e-001
1.1100000000e+002 5.4789368838e-001
1.1100000000e+002 5.4787868838e-001
1.1250000000e+002 5.4787868838e-001
1.1250000000e+002 5.4786368838e-001
1.1400000000e+002 5.4786368838e-001
1.1400000000e+002 5.4784868838e-001
1.1550000000e+002 5.4784868838e-001
1.1550000000e+002 5.4783368838e-001
1.1700000000e+002 5.4783368838e-001
1.1700000000e+002 5.4781868838e-001
1.1850000000e+002 5.4781868838e-001
1.1850000000e+002 5.4780368838e-001
1.2000000000e+002 5.4780368838e-001
1.2000000000e+002 5.4778868838e-001
1.2150000000e+002 5.4778868838e-001
1.2150000000e+002 5.4777368838e-001
1.2300000000e+002 5.4777368838e-001
1.2300000000e+002 5.4775868838e-001
1.2450000000e+002 5.4775868838e-001
1.2450000000e+002 5.4774368838e-001
1.2600000000e+002 5.4774368838e-001
1.2600000000e+002 5.4772868838e-001
1.2750000000e+002 5.4772868838e-001
1.2750000000e+002 5.4771368838e-001
1.2900000000e+002 5.4771368838e-001
1.2900000000e+002 5.4769868838e-001
1.3050000000e+002 5.4769868838e-001
1.3050000000e+002 5.4768368838e-001
1.3200000000e+002 5.4768368838e-001
1.3200000000e+002 5.4766868838e-001
1.3350000000e+002 5.4766868838e-001
1.3350000000e+002 5.4765368838e-001
1.3500000000e+002 5.4765368838e-001
1.3500000000e+002 5.4763868838e-001
1.3650000000e+002 5.4763868838e-001
1.3650000000e+002 5.4762368838e-001
1.3800000000e+002 5.4762368838e-001
1.3800000000e+002 5.4760868838e-001
1.3950000000e+002 5.4760868838e-001
1.3950000000e+002 5.4759368838e-001
1.4100000000e+002 5.4759368838e-001
1.4100000000e+002 5.4757868838e-001
1.4250000000e+002 5.4757868838e-001
1.4250000000e+002 5.4756368838e-001
1.4400000000e+002 5.4756368838e-001
1.4400000000e+002 5.4754868838e-001
1.4550000000e+002 5.4754868838e-001
1.4550000000e+002 5.4753368838e-001
1.4700000000e+002 5.4753368838e-001
1.4700000000e+002 5.4751868838e-001
1.4850000000e+002 5.4751868838e-001
1.4850000000e+002 5.4750368838e-001
1.5000000000e+002 5.4750368838e-001
1.5000000000e+002 5.4748868838e-001
1.5150000000e+002 5.4748868838e-001
1.5150000000e+002 5.4747368838e-001
1.5300000000e+002 5.4747368838e-001
1.5300000000e+002 5.4745868838e-001
1.5450000000e+002 5.4745868838e-001
1.5450000000e+002 5.4744368838e-001
1.5600000000e+002 5.4744368838e-001
1.5600000000e+002 5.4742868838e-001
1.5750000000e+002 5.4742868838e-001
1.5750000000e+002 5.4741368838e-001
1.5900000000e+002 5.4741368838e-001
1.5900000000e+002 5.4739868838e-001
1.6050000000e+002 5.4739868838e-001
1.6050000000e+002 5.4738368838e-001
1.6200000000e+002 5.4738368838e-001
1.6200000000e+002 5.4736868838e-001
1.6350000000e+002 5.4736868838e-001
1.6350000000e+002 5.4735368838e-001
1.6500000000e+002 5.4735368838e-001
1.6500000000e+002 5.4733868838e-001
1.6650000000e+002 5.4733868838e-001
1.6650000000e+002 5.4732368838e-001
1.6800000000e+002 5.4732368838e-001
1.6800000000e+002 5.4730868838e-001
1.6950000000e+002 5.4730868838e-001
1.6950000000e+002 5.4729368838e-001
1.7100000000e+002 5.4729368838e-001
1.7100000000e+002 5.4727868838e-001
1.7250000000e+002 5.4727868838e-001
1.7250000000e+002 5.4726368838e-001
1.7400000000e+002 5.4726368838e-001
1.7400000000e+002 5.4724868838e-001
1.7550000000e+002 5.4724868838e-001
1.7550000000e+002 5.4723368838e-001
1.7700000000e+002 5.4723368838e-001
1.7700000000e+002 5.4721868838e-001
1.7850000000e+002 5.4721868838e-001
1.7850000000e+002 5.4720368838e-001
1.8000000000e+002 5.4720368838e-001
1.8000000000e+002 5.4718868838e-001
1.8150000000e+002 5.4718868838e-001
1.8150000000e+002 5.4717368838e-001
1.8300000000e+002 5.4717368838e-001
1.8300000000e+002 5.4715868838e-001
1.8450000000e+002 5.4715868838e-001
1.8450000000e+002 5.4714368838e-001
1.8600000000e+002 5.4714368838e-001
1.8600000000e+002 5.4712868838e-001
1.8750000000e+002 5.4712868838e-001
1.8750000000e+002 5.4711368838e-001
1.8900000000e+002 5.4711368838e-001
1.8900000000e+002 5.4709868838e-001
1.9050000000e+002 5.4709868838e-001
1.9050000000e+002 5.4708368838e-001
1.9200000000e+002 5.4708368838e-001
1.9200000000e+002 5.4706868838e-001
1.9350000000e+002 5.4706868838e-001
1.9350000000e+002 5.4705368838e-001
1.9500000000e+002 5.4705368838e-001
1.9500000000e+002 5.4703868838e-001
1.9650000000e+002 5.4703868838e-001
1.9650000000e+002 5.4702368838e-001
1.9800000000e+002 5.4702368838e-001
1.9800000000e+002 5.4700868838e-001
1.9950000000e+002 5.4700868838e-001
1.9950000000e+002 5.4699368838e-001
2.0100000000e+002 5.4699368838e-001
2.0100000000e+002 5.4697868838e-001
2.0250000000e+002 5.4697868838e-001
2.0250000000e+002 5.4696368838e-001
2.0400000000e+002 5.4696368838e-001
2.0400000000e+002 5.4694868838e-001
2.0550000000e+002 5.4694868838e-001
2.0550000000e+002 5.4693368838e-001
2.0700000000e+002 5.4693368838e-001
2.0700000000e+002 5.4691868838e-001
2.0850000000e+002 5.4691868838e-001
2.0850000000e+002 5.4690368838e-001
2.1000000000e+002 5.4690368838e-001
2.1000000000e+002 5.4688868838e-001
2.1150000000e+002 5.4688868838e-001
2.1150000000e+002 5.4687368838e-001
2.1300000000e+002 5.4687368838e-001
2.1300000000e+002 5.4685868838e-001
2.1450000000e+002 5.4685868838e-001
2.1450000000e+002 5.4684368838e-001
2.1600000000e+002 5.4684368838e-001
2.1600000000e+002 5.4682868838e-001
2.1750000000e+002 5.4682868838e-001
2.1750000000e+002 5.4681368838e-001
2.1900000000e+002 5.4681368838e-001
2.1900000000e+002 5.4679868838e-001
2.2050000000e+002 5.4679868838e-001
2.2050000000e+002 5.4678368838e-001
2.2200000000e+002 5.4678368838e-001
2.2200000000e+002 5.4676868838e-001
2.2350000000e+002 5.4676868838e-001
2.2350000000e+002 5.4675368838e-001
2.2500000000e+002 5.4675368838e-001
2.2500000000e+002 5.4673868838e-001
2.2650000000e+002 5.4673868838e-001
2.2650000000e+002 5.4672368838e-001
2.2800000000e+002 5.4672368838e-001
2.2800000000e+002 5.4670868838e-001
2.2950000000e+002 5.4670868838e-001
2.2950000000e+002 5.4669368838e-001
2.3100000000e+002 5.4669368838e-001
2.3100000000e+002 5.4667868838e-001
2.3250000000e+002 5.4667868838e-001
2.3250000000e+002 5.4666368838e-001
2.3400000000e+002 5.4666368838e-001
2.3400000000e+002 5.4664868838e-001
2.3550000000e+002 5.4664868838e-001
2.3550000000e+002 5.4663368838e-001
2.3700000000e+002 5.4663368838e-001
2.3700000000e+002 5.4661868838e-001
2.3850000000e+002 5.4661868838e-001
2.3850000000e+002 5.4660368838e-001
2.4000000000e+002 5.4660368838e-001
2.4000000000e+002 5.4658868838e-001
2.4150000000e+002 5.4658868838e-001
2.4150000000e+002 5.4657368838e-001
2.4300000000e+002 5.4657368838e-001
2.4300000000e+002 5.4655868838e-001
2.4450000000e+002 5.4655868838e-001
2.4450000000e+002 5.4654368838e-001
2.4600000000e+002 5.4654368838e-001
2.4600000000e+002 5.4652868838e-001
2.4750000000e+002 5.4652868838e-001
2.4750000000e+002 5.4651368838e-001
2.4900000000e+002 5.4651368838e-001
2.4900000000e+002 5.4649868838e-001
2.5050000000e+002 5.4649868838e-001
2.5050000000e+002 5.4648368838e-001
2.5200000000e+002 5.4648368838e-001
2.5200000000e+002 5.4646868838e-001
2.5350000000e+002 5.4646868838e-001
2.5350000000e+002 5.4645368838e-001
2.5500000000e+002 5.4645368838e-001
2.5500000000e+002 5.4643868838e-001
2.5650000000e+002 5.4643868838e-001
2.5650000000e+002 5.4642368838e-001
2.5800000000e+002 5.4642368838e-001
2.5800000000e+002 5.4640868838e-001
2.5950000000e+002 5.4640868838e-001
2.5950000000e+002 5.4639368838e-001
2.6100000000e+002 5.4639368838e-001
2.6100000000e+002 5.4637868838e-001
2.6250000000e+002 5.4637868838e-001
2.6250000000e+002 5.4636368838e-001
2.6400000000e+002 5.4636368838e-001
2.6400000000e+002 5.4634868838e-001
2.6550000000e+002 5.4634868838e-001
2.6550000000e+002 5.4633368838e-001
2.6700000000e+002 5.4633368838e-001
2.6700000000e+002 5.4631868838e-001
2.6850000000e+002 5.4631868838e-001
2.6850000000e+002 5.4630368838e-001
2.7000000000e+002 5.4630368838e-001
2.7000000000e+002 5.4628868838e-001
2.7150000000e+002 5.4628868838e-001
2.7150000000e+002 5.4627368838e-001
2.7300000000e+002 5.4627368838e-001
2.7300000000e+002 5.4625868838e-001
2.7450000000e+002 5.4625868838e-001
2.7450000000e+002 5.4624368838e-001
2.7600000000e+002 5.4624368838e-001
2.7600000000e+002 5.4622868838e-001
2.7750000000e+002 5.4622868838e-001
2.7750000000e+002 5.4621368838e-001
2.7900000000e+002 5.4621368838e-001
2.7900000000e+002 5.4619868838e-001
2.8050000000e+002 5.4619868838e-001
2.8050000000e+002 5.4618368838e-001
2.8200000000e+002 5.4618368838e-001
2.8200000000e+002 5.4616868838e-001
2.8350000000e+002 5.4616868838e-001
2.8350000000e+002 5.4615368838e-001
2.8500000000e+002 5.4615368838e-001
2.8500000000e+002 5.4613868838e-001
2.8650000000e+002 5.4613868838e-001
2.8650000000e+002 5.4612368838e-001
2.8800000000e+002 5.4612368838e-001
2.8800000000e+002 5.4610868838e-001
2.8950000000e+002 5.4610868838e-001
2.8950000000e+002 5.4609368838e-001
2.9100000000e+002 5.4609368838e-001
2.9100000000e+002 5.4607868838e-001
2.9250000000e+002 5.4607868838e-001
2.9250000000e+002 5.4606368838e-001
2.9400000000e+002 5.4606368838e-001
2.9400000000e+002 5.4604868838e-001
2.9550000000e+002 5.4604868838e-001
2.9550000000e+002 5.4603368838e-001
2.9700000000e+002 5.4603368838e-001
2.9700000000e+002 5.4601868838e-001
2.9850000000e+002 5.4601868838e-001
2.9850000000e+002 5.4600368838e-001
3.0000000000e+002 5.4600368838e-001
3.0000000000e+002 5.4598868838e-001
3.0150000000e+002 5.4598868838e-001
3.0150000000e+002 5.4597368838e-001
3.0300000000e+002 5.4597368838e-001
3.0300000000e+002 5.4595868838e-001
3.0450000000e+002 5.4595868838e-001
3.0450000000e+002 5.4594368838e-001
3.0600000000e+002 5.4594368838e-001
3.0600000000e+002 5.4592868838e-001
3.0750000000e+002 5.4592868838e-001
3.0750000000e+002 5.4591368838e-001
3.0900000000e+002 5.4591368838e-001
3.0900000000e+002 5.4589868838e-001
3.1050000000e+002 5.4589868838e-001
3.1050000000e+002 5.4588368838e-001
3.1200000000e+002 5.4588368838e-001
3.1200000000e+002 5.4586868838e-001
3.1350000000e+002 5.4586868838e-001
3.1350000000e+002 5.4585368838e-001
3.1500000000e+002 5.4585368838e-001
3.1500000000e+002 5.4583868838e-001
3.1650000000e+002 5.4583868838e-001
3.1650000000e+002 5.4582368838e-001
3.1800000000e+002 5.4582368838e-001
3.1800000000e+002 5.4580868838e-001
3.1950000000e+002 5.4580868838e-001
3.1950000000e+002 5.4579368838e-001
3.2100000000e+002 5.4579368838e-001
3.2100000000e+002 5.4577868838e-001
3.2250000000e+002 5.4577868838e-001
3.2250000000e+002 5.4576368838e-001
3.2400000000e+002 5.4576368838e-001
3.2400000000e+002 5.4574868838e-001
3.2550000000e+002 5.4574868838e-001
3.2550000000e+002 5.4573368838e-001
3.2700000000e+002 5.4573368838e-001
3.2700000000e+002 5.4571868838e-001
3.2850000000e+002 5.4571868838e-001
3.2850000000e+002 5.4570368838e-001
3.3000000000e+002 5.4570368838e-001
3.3000000000e+002 5.4568868838e-001
3.3150000000e+002 5.4568868838e-001
3.3150000000e+002 5.4567368838e-001
3.3300000000e+002 5.4567368838e-001
3.3300000000e+002 5.4565868838e-001
3.3450000000e+002 5.4565868838e-001
3.3450000000e+002 5.4564368838e-001
3.3600000000e+002 5.4564368838e-001
3.3600000000e+002 5.4562868838e-001
3.3750000000e+002 5.4562868838e-001
3.3750000000e+002 5.4561368838e-001
3.3900000000e+002 5.4561368838e-001
3.3900000000e+002 5.4559868838e-001
3.4050000000e+002 5.4559868838e-001
3.4050000000e+002 5.4558368838e-001
3.4200000000e+002 5.4558368838e-001
3.4200000000e+002 5.4556868838e-001
3.4350000000e+002 5.4556868838e-001
3.4350000000e+002 5.4555368838e-001
3.4500000000e+002 5.4555368838e-001
3.4500000000e+002 5.4553868838e-001
3.4650000000e+002 5.4553868838e-001
3.4650000000e+002 5.4552368838e-001
3.4800000000e+002 5.4552368838e-001
3.4800000000e+002 5.4550868838e-001
3.4950000000e+002 5.4550868838e-001
3.4950000000e+002 5.4549368838e-001
3.5100000000e+002 5.4549368838e-001
3.5100000000e+002 5.4547868838e-001
3.5250000000e+002 5.4547868838e-001
3.5250000000e+002 5.4546368838e-001
3.5400000000e+002 5.4546368838e-001
3.5400000000e+002 5.4544868838e-001
3.5550000000e+002 5.4544868838e-001
3.5550000000e+002 5.4543368838e-001
3.5700000000e+002 5.4543368838e-001
3.5700000000e+002 5.4541868838e-001
3.5850000000e+002 5.4541868838e-001
3.5850000000e+002 5.4540368838e-001
3.6000000000e+002 5.4540368838e-001
3.6000000000e+002 5.4538868838e-001
3.6150000000e+002 5.4538868838e-001
3.6150000000e+002 5.4537368838e-001
3.6300000000e+002 5.4537368838e-001
3.6300000000e+002 5.4535868838e-001
3.6450000000e+002 5.4535868838e-001
3.6450000000e+002 5.4534368838e-001
3.6600000000e+002 5.4534368838e-001
3.6600000000e+002 5.4532868838e-001
3.6750000000e+002 5.4532868838e-001
3.6750000000e+002 5.4531368838e-001
3.6900000000e+002 5.4531368838e-001
3.6900000000e+002 5.4529868838e-001
3.7050000000e+002 5.4529868838e-001
3.7050000000e+002 5.4528368838e-001
3.7200000000e+002 5.4528368838e-001
3.7200000000e+002 5.4526868838e-001
3.7350000000e+002 5.4526868838e-001
3.7350000000e+002 5.4525368838e-001
3.7500000000e+002 5.4525368838e-001
3.7500000000e+002 5.4523868838e-001
3.7650000000e+002 5.4523868838e-001
3.7650000000e+002 5.4522368838e-001
3.7800000000e+002 5.4522368838e-001
3.7800000000e+002 5.4520868838e-001
3.7950000000e+002 5.4520868838e-001
3.7950000000e+002 5.4519368838e-001
3.8100000000e+002 5.4519368838e-001
3.8100000000e+002 5.4517868838e-001
3.8250000000e+002 5.4517868838e-001
3.8250000000e+002 5.4516368838e-001
3.8400000000e+002 5.4516368838e-001
3.8400000000e+002 5.4514868838e-001
3.8550000000e+002 5.4514868838e-001
3.8550000000e+002 5.4513368838e-001
3.8700000000e+002 5.4513368838e-001
3.8700000000e+002 5.4511868838e-001
3.8850000000e+002 5.4511868838e-001
3.8850000000e+002 5.4510368838e-001
3.9000000000e+002 5.4510368838e-001
3.9000000000e+002 5.4508868838e-001
3.9150000000e+002 5.4508868838e-001
3.9150000000e+002 5.4507368838e-001
3.9300000000e+002 5.4507368838e-001
3.9300000000e+002 5.4505868838e-001
3.9450000000e+002 5.4505868838e-001
3.9450000000e+002 5.4504368838e-001
3.9600000000e+002 5.4504368838e-001
3.9600000000e+002 5.4502868838e-001
3.9750000000e+002 5.4502868838e-001
3.9750000000e+002 5.4501368838e-001
3.9900000000e+002 5.4501368838e-001
3.9900000000e+002 5.4499868838e-001
4.0050000000e+002 5.4499868838e-001
4.0050000000e+002 5.4498368838e-001
4.0200000000e+002 5.4498368838e-001
4.0200000000e+002 5.4496868838e-001
4.0350000000e+002 5.4496868838e-001
4.0350000000e+002 5.4495368838e-001
4.0500000000e+002 5.4495368838e-001
4.0500000000e+002 5.4493868838e-001
4.0650000000e+002 5.4493868838e-001
4.0650000000e+002 5.4492368838e-001
4.0800000000e+002 5.4492368838e-001
4.0800000000e+002 5.4490868838e-001
4.0950000000e+002 5.4490868838e-001
4.0950000000e+002 5.4489368838e-001
4.1100000000e+002 5.4489368838e-001
4.1100000000e+002 5.4487868838e-001
4.1250000000e+002 5.4487868838e-001
4.1250000000e+002 5.4486368838e-001
4.1400000000e+002 5.4486368838e-001
4.1400000000e+002 5.4484868838e-001
4.1550000000e+002 5.4484868838e-001
4.1550000000e+002 5.4483368838e-001
4.1700000000e+002 5.4483368838e-001
4.1700000000e+002 5.4481868838e-001
4.1850000000e+002 5.4481868838e-001
4.1850000000e+002 5.4480368838e-001
4.2000000000e+002 5.4480368838e-001
4.2000000000e+002 5.4478868838e-001
4.2150000000e+002 5.4478868838e-001
4.2150000000e+002 5.4477368838e-001
4.2300000000e+002 5.4477368838e-001
4.2300000000e+002 5.4475868838e-001
4.2450000000e+002 5.4475868838e-001
4.2450000000e+002 5.4474368838e-001
4.2600000000e+002 5.4474368838e-001
4.2600000000e+002 5.4472868838e-001
4.2750000000e+002 5.4472868838e-001
4.2750000000e+002 5.4471368838e-001
4.2900000000e+002 5.4471368838e-001
4.2900000000e+002 5.4469868838e-001
4.3050000000e+002 5.4469868838e-001
4.3050000000e+002 5.4468368838e-001
4.3200000000e+002 5.4468368838e-001
4.3200000000e+002 5.4466868838e-001
4.3350000000e+002 5.4466868838e-001
4.3350000000e+002 5.4465368838e-001
4.3500000000e+002 5.4465368838e-001
4.3500000000e+002 5.4463868838e-001
4.3650000000e+002 5.4463868838e-001
4.3650000000e+002 5.4462368838e-001
4.3800000000e+002 5.4462368838e-001
4.3800000000e+002 5.4460868838e-001
4.3950000000e+002 5.4460868838e-001
4.3950000000e+002 5.4459368838e-001
4.4100000000e+002 5.4459368838e-001
4.4100000000e+002 5.4457868838e-001
4.4250000000e+002 5.4457868838e-001
4.4250000000e+002 5.4456368838e-001
4.4400000000e+002 5.4456368838e-001
4.4400000000e+002 5.4454868838e-001
4.4550000000e+002 5.4454868838e-001
4.4550000000e+002 5.4453368838e-001
4.4700000000e+002 5.4453368838e-001
4.4700000000e+002 5.4451868838e-001
4.4850000000e+002 5.4451868838e-001
4.4850000000e+002 5.4450368838e-001
4.5000000000e+002 5.4450368838e-001
4.5000000000e+002 5.4448868838e-001
4.5150000000e+002 5.4448868838e-001
4.5150000000e+002 5.4447368838e-001
4.5300000000e+002 5.4447368838e-001
4.5300000000e+002 5.4445868838e-001
4.5450000000e+002 5.4445868838e-001
4.5450000000e+002 5.4444368838e-001
4.5600000000e+002 5.4444368838e-001
4.5600000000e+002 5.4442868838e-001
4.5750000000e+002 5.4442868838e-001
4.5750000000e+002 5.4441368838e-001
4.5900000000e+002 5.4441368838e-001
4.5900000000e+002 5.4439868838e-001
4.6050000000e+002 5.4439868838e-001
4.6050000000e+002 5.4438368838e-001
4.6200000000e+002 5.4438368838e-001
4.6200000000e+002 5.4436868838e-001
4.6350000000e+002 5.4436868838e-001
4.6350000000e+002 5.4435368838e-001
4.6500000000e+002 5.4435368838e-001
4.6500000000e+002 5.4433868838e-001
4.6650000000e+002 5.4433868838e-001
4.6650000000e+002 5.4432368838e-001
4.6800000000e+002 5.4432368838e-001
4.6800000000e+002 5.4430868838e-001
4.6950000000e+002 5.4430868838e-001
4.6950000000e+002 5.4429368838e-001
4.7100000000e+002 5.4429368838e-001
4.7100000000e+002 5.4427868838e-001
4.7250000000e+002 5.4427868838e-001
4.7250000000e+002 5.4426368838e-001
4.7400000000e+002 5.4426368838e-001
4.7400000000e+002 5.4424868838e-001
4.7550000000e+002 5.4424868838e-001
4.7550000000e+002 5.4423368838e-001
4.7700000000e+002 5.4423368838e-001
4.7700000000e+002 5.4421868838e-001
4.7850000000e+002 5.4421868838e-001
4.7850000000e+002 5.4420368838e-001
4.8000000000e+002 5.4420368838e-001
4.8000000000e+002 5.4418868838e-001
4.8150000000e+002 5.4418868838e-001
4.8150000000e+002 5.4417368838e-001
4.8300000000e+002 5.4417368838e-001
4.8300000000e+002 5.4415868838e-001
4.8450000000e+002 5.4415868838e-001
4.8450000000e+002 5.4414368838e-001
4.8600000000e+002 5.4414368838e-001
4.8600000000e+002 5.4412868838e-001
4.8750000000e+002 5.4412868838e-001
4.8750000000e+002 5.4411368838e-001
4.8900000000e+002 5.4411368838e-001
4.8900000000e+002 5.4409868838e-001
4.9050000000e+002 5.4409868838e-001
4.9050000000e+002 5.4408368838e-001
4.9200000000e+002 5.4408368838e-001
4.9200000000e+002 5.4406868838e-001
4.9350000000e+002 5.4406868838e-001
4.9350000000e+002 5.4405368838e-001
4.9500000000e+002 5.4405368838e-001
4.9500000000e+002 5.4403868838e-001
4.9650000000e+002 5.4403868838e-001
4.9650000000e+002 5.4402368838e-001
4.9800000000e+002 5.4402368838e-001
4.9800000000e+002 5.4400868838e-001
4.9950000000e+002 5.4400868838e-001
4.9950000000e+002 5.4399368838e-001
5.0100000000e+002 5.4399368838e-001
5.0100000000e+002 5.4397868838e-001
5.0250000000e+002 5.4397868838e-001
5.0250000000e+002 5.4396368838e-001
5.0400000000e+002 5.4396368838e-001
5.0400000000e+002 5.4394868838e-001
5.0550000000e+002 5.4394868838e-001
5.0550000000e+002 5.4393368838e-001
5.0700000000e+002 5.4393368838e-001
5.0700000000e+002 5.4391868838e-001
5.0850000000e+002 5.4391868838e-001
5.0850000000e+002 5.4390368838e-001
5.1000000000e+002 5.4390368838e-001
5.1000000000e+002 5.4388868838e-001
5.1150000000e+002 5.4388868838e-001
5.1150000000e+002 5.4387368838e-001
5.1300000000e+002 5.4387368838e-001
5.1300000000e+002 5.4385868838e-001
5.1450000000e+002 5.4385868838e-001
5.1450000000e+002 5.4384368838e-001
5.1600000000e+002 5.4384368838e-001
5.1600000000e+002 5.4382868838e-001
5.1750000000e+002 5.4382868838e-001
5.1750000000e+002 5.4381368838e-001
5.1900000000e+002 5.4381368838e-001
5.1900000000e+002 5.4379868838e-001
5.2050000000e+002 5.4379868838e-001
5.2050000000e+002 5.4378368838e-001
5.2200000000e+002 5.4378368838e-001
5.2200000000e+002 5.4376868838e-001
5.2350000000e+002 5.4376868838e-001
5.2350000000e+002 5.4375368838e-001
5.2500000000e+002 5.4375368838e-001
5.2500000000e+002 5.4373868838e-001
5.2650000000e+002 5.4373868838e-001
5.2650000000e+002 5.4372368838e-001
5.2800000000e+002 5.4372368838e-001
5.2800000000e+002 5.4370868838e-001
5.2950000000e+002 5.4370868838e-001
5.2950000000e+002 5.4369368838e-001
5.3100000000e+002 5.4369368838e-001
5.3100000000e+002 5.4367868838e-001
5.3250000000e+002 5.4367868838e-001
5.3250000000e+002 5.4366368838e-001
5.3400000000e+002 5.4366368838e-001
5.3400000000e+002 5.4364868838e-001
5.3550000000e+002 5.4364868838e-001
5.3550000000e+002 5.4363368838e-001
5.3700000000e+002 5.4363368838e-001
5.3700000000e+002 5.4361868838e-001
5.3850000000e+002 5.4361868838e-001
5.3850000000e+002 5.4360368838e-001
5.4000000000e+002 5.4360368838e-001
5.4000000000e+002 5.4358868838e-001
5.4150000000e+002 5.4358868838e-001
5.4150000000e+002 5.4357368838e-001
5.4300000000e+002 5.4357368838e-001
5.4300000000e+002 5.4355868838e-001
5.4450000000e+002 5.4355868838e-001
5.4450000000e+002 5.4354368838e-001
5.4600000000e+002 5.4354368838e-001
5.4600000000e+002 5.4352868838e-001
5.4750000000e+002 5.4352868838e-001
5.4750000000e+002 5.4351368838e-001
5.4900000000e+002 5.4351368838e-001
5.4900000000e+002 5.4349868838e-001
5.5050000000e+002 5.4349868838e-001
5.5050000000e+002 5.4348368838e-001
5.5200000000e+002 5.4348368838e-001
5.5200000000e+002 5.4346868838e-001
5.5350000000e+002 5.4346868838e-001
5.5350000000e+002 5.4345368838e-001
5.5500000000e+002 5.4345368838e-001
5.5500000000e+002 5.4343868838e-001
5.5650000000e+002 5.4343868838e-001
5.5650000000e+002 5.4342368838e-001
5.5800000000e+002 5.4342368838e-001
5.5800000000e+002 5.4340868838e-001
5.5950000000e+002 5.4340868838e-001
5.5950000000e+002 5.4339368838e-001
5.6100000000e+002 5.4339368838e-001
5.6100000000e+002 5.4337868838e-001
5.6250000000e+002 5.4337868838e-001
5.6250000000e+002 5.4336368838e-001
5.6400000000e+002 5.4336368838e-001
5.6400000000e+002 5.4334868838e-001
5.6550000000e+002 5.4334868838e-001
5.6550000000e+002 5.4333368838e-001
5.6700000000e+002 5.4333368838e-001
5.6700000000e+002 5.4331868838e-001
5.6850000000e+002 5.4331868838e-001
5.6850000000e+002 5.4330368838e-001
5.7000000000e+002 5.4330368838e-001
5.7000000000e+002 5.4328868838e-001
5.7150000000e+002 5.4328868838e-001
5.7150000000e+002 5.4327368838e-001
5.7300000000e+002 5.4327368838e-001
5.7300000000e+002 5.4325868838e-001
5.7450000000e+002 5.4325868838e-001
5.7450000000e+002 5.4324368838e-001
5.7600000000e+002 5.4324368838e-001
5.7600000000e+002 5.4322868838e-001
5.7750000000e+002 5.4322868838e-001
5.7750000000e+002 5.4321368838e-001
5.7900000000e+002 5.4321368838e-001
5.7900000000e+002 5.4319868838e-001
5.8050000000e+002 5.4319868838e-001
5.8050000000e+002 5.4318368838e-001
5.8200000000e+002 5.4318368838e-001
5.8200000000e+002 5.4316868838e-001
5.8350000000e+002 5.4316868838e-001
5.8350000000e+002 5.4315368838e-001
5.8500000000e+002 5.4315368838e-001
5.8500000000e+002 5.4313868838e-001
5.8650000000e+002 5.4313868838e-001
5.8650000000e+002 5.4312368838e-001
5.8800000000e+002 5.4312368838e-001
5.8800000000e+002 5.4310868838e-001
5.8950000000e+002 5.4310868838e-001
5.8950000000e+002 5.4309368838e-001
5.9100000000e+002 5.4309368838e-001
5.9100000000e+002 5.4307868838e-001
5.9250000000e+002 5.4307868838e-001
5.9250000000e+002 5.4306368838e-001
5.9400000000e+002 5.4306368838e-001
5.9400000000e+002 5.4304868838e-001
5.9550000000e+002 5.4304868838e-001
5.9550000000e+002 5.4303368838e-001
5.9700000000e+002 5.4303368838e-001
5.9700000000e+002 5.4301868838e-001
5.9850000000e+002 5.4301868838e-001
5.9850000000e+002 5.4300368838e-001
6.0000000000e+002 5.4300368838e-001
6.0000000000e+002 5.4298868838e-001
6.0150000000e+002 5.4298868838e-001
6.0150000000e+002 5.4297368838e-001
6.0300000000e+002 5.4297368838e-001
6.0300000000e+002 5.4295868838e-001
6.0450000000e+002 5.4295868838e-001
6.0450000000e+002 5.4294368838e-001
6.0600000000e+002 5.4294368838e-001
6.0600000000e+002 5.4292868838e-001
6.0750000000e+002 5.4292868838e-001
6.0750000000e+002 5.4291368838e-001
6.0900000000e+002 5.4291368838e-001
6.0900000000e+002 5.4289868838e-001
6.1050000000e+002 5.4289868838e-001
6.1050000000e+002 5.4288368838e-001
6.1200000000e+002 5.4288368838e-001
6.1200000000e+002 5.4286868838e-001
6.1350000000e+002 5.4286868838e-001
6.1350000000e+002 5.4285368838e-001
6.1500000000e+002 5.4285368838e-001
6.1500000000e+002 5.4283868838e-001
6.1650000000e+002 5.4283868838e-001
6.1650000000e+002 5.4282368838e-001
6.1800000000e+002 5.4282368838e-001
6.1800000000e+002 5.4280868838e-001
6.1950000000e+002 5.4280868838e-001
6.1950000000e+002 5.4279368838e-001
6.2100000000e+002 5.4279368838e-001
6.2100000000e+002 5.4277868838e-001
6.2250000000e+002 5.4277868838e-001
6.2250000000e+002 5.4276368838e-001
6.2400000000e+002 5.4276368838e-001
6.2400000000e+002 5.4274868838e-001
6.2550000000e+002 5.4274868838e-001
6.2550000000e+002 5.4273368838e-001
6.2700000000e+002 5.4273368838e-001
6.2700000000e+002 5.4271868838e-001
6.2850000000e+002 5.4271868838e-001
6.2850000000e+002 5.4270368838e-001
6.3000000000e+002 5.4270368838e-001
6.3000000000e+002 5.4268868838e-001
6.3150000000e+002 5.4268868838e-001
6.3150000000e+002 5.4267368838e-001
6.3300000000e+002 5.4267368838e-001
6.3300000000e+002 5.4265868838e-001
6.3450000000e+002 5.4265868838e-001
6.3450000000e+002 5.4264368838e-001
6.3600000000e+002 5.4264368838e-001
6.3600000000e+002 5.4262868838e-001
6.3750000000e+002 5.4262868838e-001
6.3750000000e+002 5.4261368838e-001
6.3900000000e+002 5.4261368838e-001
6.3900000000e+002 5.4259868838e-001
6.4050000000e+002 5.4259868838e-001
6.4050000000e+002 5.4258368838e-001
6.4200000000e+002 5.4258368838e-001
6.4200000000e+002 5.4256868838e-001
6.4350000000e+002 5.4256868838e-001
6.4350000000e+002 5.4255368838e-001
6.4500000000e+002 5.4255368838e-001
6.4500000000e+002 5.4253868838e-001
6.4650000000e+002 5.4253868838e-001
6.4650000000e+002 5.4252368838e-001
6.4800000000e+002 5.4252368838e-001
6.4800000000e+002 5.4250868838e-001
6.4950000000e+002 5.4250868838e-001
6.4950000000e+002 5.4249368838e-001
6.5100000000e+002 5.4249368838e-001
6.5100000000e+002 5.4247868838e-001
6.5250000000e+002 5.4247868838e-001
6.5250000000e+002 5.4246368838e-001
6.5400000000e+002 5.4246368838e-001
6.5400000000e+002 5.4244868838e-001
6.5550000000e+002 5.4244868838e-001
6.5550000000e+002 5.4243368838e-001
6.5700000000e+002 5.4243368838e-001
6.5700000000e+002 5.4241868838e-001
6.5850000000e+002 5.4241868838e-001
6.5850000000e+002 5.4240368838e-001
6.6000000000e+002 5.4240368838e-001
6.6000000000e+002 5.4238868838e-001
6.6150000000e+002 5.4238868838e-001
6.6150000000e+002 5.4237368838e-001
6.6300000000e+002 5.4237368838e-001
6.6300000000e+002 5.4235868838e-001
6.6450000000e+002 5.4235868838e-001
6.6450000000e+002 5.4234368838e-001
6.6600000000e+002 5.4234368838e-001
6.6600000000e+002 5.4232868838e-001
6.6750000000e+002 5.4232868838e-001
6.6750000000e+002 5.4231368838e-001
6.6900000000e+002 5.4231368838e-001
6.6900000000e+002 5.4229868838e-001
6.7050000000e+002 5.4229868838e-001
6.7050000000e+002 5.4228368838e-001
6.7200000000e+002 5.4228368838e-001
6.7200000000e+002 5.4226868838e-001
6.7350000000e+002 5.4226868838e-001
6.7350000000e+002 5.4225368838e-001
6.7500000000e+002 5.4225368838e-001
6.7500000000e+002 5.4223868838e-001
6.7650000000e+002 5.4223868838e-001
6.7650000000e+002 5.4222368838e-001
6.7800000000e+002 5.4222368838e-001
6.7800000000e+002 5.4220868838e-001
6.7950000000e+002 5.4220868838e-001
6.7950000000e+002 5.4219368838e-001
6.8100000000e+002 5.4219368838e-001
6.8100000000e+002 5.4217868838e-001
6.8250000000e+002 5.4217868838e-001
6.8250000000e+002 5.4216368838e-001
6.8400000000e+002 5.4216368838e-001
6.8400000000e+002 5.4214868838e-001
6.8550000000e+002 5.4214868838e-001
6.8550000000e+002 5.4213368838e-001
6.8700000000e+002 5.4213368838e-001
6.8700000000e+002 5.4211868838e-001
6.8850000000e+002 5.4211868838e-001
6.8850000000e+002 5.4210368838e-001
6.9000000000e+002 5.4210368838e-001
6.9000000000e+002 5.4208868838e-001
6.9150000000e+002 5.4208868838e-001
6.9150000000e+002 5.4207368838e-001
6.9300000000e+002 5.4207368838e-001
6.9300000000e+002 5.4205868838e-001
6.9450000000e+002 5.4205868838e-001
6.9450000000e+002 5.4204368838e-001
6.9600000000e+002 5.4204368838e-001
6.9600000000e+002 5.4202868838e-001
6.9750000000e+002 5.4202868838e-001
6.9750000000e+002 5.4201368838e-001
6.9900000000e+002 5.4201368838e-001
6.9900000000e+002 5.4199868838e-001
7.0050000000e+002 5.4199868838e-001
7.0050000000e+002 5.4198368838e-001
7.0200000000e+002 5.4198368838e-001
7.0200000000e+002 5.4196868838e-001
7.0350000000e+002 5.4196868838e-001
7.0350000000e+002 5.4195368838e-001
7.0500000000e+002 5.4195368838e-001
7.0500000000e+002 5.4193868838e-001
7.0650000000e+002 5.4193868838e-001
7.0650000000e+002 5.4192368838e-001
7.0800000000e+002 5.4192368838e-001
7.0800000000e+002 5.4190868838e-001
7.0950000000e+002 5.4190868838e-001
7.0950000000e+002 5.4189368838e-001
7.1100000000e+002 5.4189368838e-001
7.1100000000e+002 5.4187868838e-001
7.1250000000e+002 5.4187868838e-001
7.1250000000e+002 5.4186368838e-001
7.1400000000e+002 5.4186368838e-001
7.1400000000e+002 5.4184868838e-001
7.1550000000e+002 5.4184868838e-001
7.1550000000e+002 5.4183368838e-001
7.1700000000e+002 5.4183368838e-001
7.1700000000e+002 5.4181868838e-001
7.1850000000e+002 5.4181868838e-001
7.1850000000e+002 5.4180368838e-001
7.2000000000e+002 5.4180368838e-001
7.2000000000e+002 5.4178868838e-001
7.2150000000e+002 5.4178868838e-001
7.2150000000e+002 5.4177368838e-001
7.2300000000e+002 5.4177368838e-001
7.2300000000e+002 5.4175868838e-001
7.2450000000e+002 5.4175868838e-001
7.2450000000e+002 5.4174368838e-001
7.2600000000e+002 5.4174368838e-001
7.2600000000e+002 5.4172868838e-001
7.2750000000e+002 5.4172868838e-001
7.2750000000e+002 5.4171368838e-001
7.2900000000e+002 5.4171368838e-001
7.2900000000e+002 5.4169868838e-001
7.3050000000e+002 5.4169868838e-001
7.3050000000e+002 5.4168368838e-001
7.3200000000e+002 5.4168368838e-001
7.3200000000e+002 5.4166868838e-001
7.3350000000e+002 5.4166868838e-001
7.3350000000e+002 5.4165368838e-001
7.3500000000e+002 5.4165368838e-001
7.3500000000e+002 5.4163868838e-001
7.3650000000e+002 5.4163868838e-001
7.3650000000e+002 5.4162368838e-001
7.3800000000e+002 5.4162368838e-001
7.3800000000e+002 5.4160868838e-001
7.3950000000e+002 5.4160868838e-001
7.3950000000e+002 5.4159368838e-001
7.4100000000e+002 5.4159368838e-001
7.4100000000e+002 5.4157868838e-001
7.4250000000e+002 5.4157868838e-001
7.4250000000e+002 5.4156368838e-001
7.4400000000e+002 5.4156368838e-001
7.4400000000e+002 5.4154868838e-001
7.4550000000e+002 5.4154868838e-001
7.4550000000e+002 5.4153368838e-001
7.4700000000e+002 5.4153368838e-001
7.4700000000e+002 5.4151868838e-001
7.4850000000e+002 5.4151868838e-001
7.4850000000e+002 5.4150368838e-001
7.5000000000e+002 5.4150368838e-001
7.5000000000e+002 5.4148868838e-001
7.5150000000e+002 5.4148868838e-001
7.5150000000e+002 5.4147368838e-001
7.5300000000e+002 5.4147368838e-001
7.5300000000e+002 5.4145868838e-001
7.5450000000e+002 5.4145868838e-001
7.5450000000e+002 5.4144368838e-001
7.5600000000e+002 5.4144368838e-001
7.5600000000e+002 5.4142868838e-001
7.5750000000e+002 5.4142868838e-001
7.5750000000e+002 5.4141368838e-001
7.5900000000e+002 5.4141368838e-001
7.5900000000e+002 5.4139868838e-001
7.6050000000e+002 5.4139868838e-001
7.6050000000e+002 5.4138368838e-001
7.6200000000e+002 5.4138368838e-001
7.6200000000e+002 5.4136868838e-001
7.6350000000e+002 5.4136868838e-001
7.6350000000e+002 5.4135368838e-001
7.6500000000e+002 5.4135368838e-001
7.6500000000e+002 5.4133868838e-001
7.6650000000e+002 5.4133868838e-001
7.6650000000e+002 5.4132368838e-001
7.6800000000e+002 5.4132368838e-001
7.6800000000e+002 5.4130868838e-001
7.6950000000e+002 5.4130868838e-001
7.6950000000e+002 5.4129368838e-001
7.7100000000e+002 5.4129368838e-001
7.7100000000e+002 5.4127868838e-001
7.7250000000e+002 5.4127868838e-001
7.7250000000e+002 5.4126368838e-001
7.7400000000e+002 5.4126368838e-001
7.7400000000e+002 5.4124868838e-001
7.7550000000e+002 5.4124868838e-001
7.7550000000e+002 5.4123368838e-001
7.7700000000e+002 5.4123368838e-001
7.7700000000e+002 5.4121868838e-001
7.7850000000e+002 5.4121868838e-001
7.7850000000e+002 5.4120368838e-001
7.8000000000e+002 5.4120368838e-001
7.8000000000e+002 5.4118868838e-001
7.8150000000e+002 5.4118868838e-001
7.8150000000e+002 5.4117368838e-001
7.8300000000e+002 5.4117368838e-001
7.8300000000e+002 5.4115868838e-001
7.8450000000e+002 5.4115868838e-001
7.8450000000e+002 5.4114368838e-001
7.8600000000e+002 5.4114368838e-001
7.8600000000e+002 5.4112868838e-001
7.8750000000e+002 5.4112868838e-001
7.8750000000e+002 5.4111368838e-001
7.8900000000e+002 5.4111368838e-001
7.8900000000e+002 5.4109868838e-001
7.9050000000e+002 5.4109868838e-001
7.9050000000e+002 5.4108368838e-001
7.9200000000e+002 5.4108368838e-001
7.9200000000e+002 5.4106868838e-001
7.9350000000e+002 5.4106868838e-001
7.9350000000e+002 5.4105368838e-001
7.9500000000e+002 5.4105368838e-001
7.9500000000e+002 5.4103868838e-001
7.9650000000e+002 5.4103868838e-001
7.9650000000e+002 5.4102368838e-001
7.9800000000e+002 5.4102368838e-001
7.9800000000e+002 5.4100868838e-001
7.9950000000e+002 5.4100868838e-001
7.9950000000e+002 5.4099368838e-001
8.0100000000e+002 5.4099368838e-001
8.0100000000e+002 5.4097868838e-001
8.0250000000e+002 5.4097868838e-001
8.0250000000e+002 5.4096368838e-001
8.0400000000e+002 5.4096368838e-001
8.0400000000e+002 5.4094868838e-001
8.0550000000e+002 5.4094868838e-001
8.0550000000e+002 5.4093368838e-001
8.0700000000e+002 5.4093368838e-001
8.0700000000e+002 5.4091868838e-001
8.0850000000e+002 5.4091868838e-001
8.0850000000e+002 5.4090368838e-001
8.1000000000e+002 5.4090368838e-001
8.1000000000e+002 5.4088868838e-001
8.1150000000e+002 5.4088868838e-001
8.1150000000e+002 5.4087368838e-001
8.1300000000e+002 5.4087368838e-001
8.1300000000e+002 5.4085868838e-001
8.1450000000e+002 5.4085868838e-001
8.1450000000e+002 5.4084368838e-001
8.1600000000e+002 5.4084368838e-001
8.1600000000e+002 5.4082868838e-001
8.1750000000e+002 5.4082868838e-001
8.1750000000e+002 5.4081368838e-001
8.1900000000e+002 5.4081368838e-001
8.1900000000e+002 5.4079868838e-001
8.2050000000e+002 5.4079868838e-001
8.2050000000e+002 5.4078368838e-001
8.2200000000e+002 5.4078368838e-001
8.2200000000e+002 5.4076868838e-001
8.2350000000e+002 5.4076868838e-001
8.2350000000e+002 5.4075368838e-001
8.2500000000e+002 5.4075368838e-001
8.2500000000e+002 5.4073868838e-001
8.2650000000e+002 5.4073868838e-001
8.2650000000e+002 5.4072368838e-001
8.2800000000e+002 5.4072368838e-001
8.2800000000e+002 5.4070868838e-001
8.2950000000e+002 5.4070868838e-001
8.2950000000e+002 5.4069368838e-001
8.3100000000e+002 5.4069368838e-001
8.3100000000e+002 5.4067868838e-001
8.3250000000e+002 5.4067868838e-001
8.3250000000e+002 5.4066368838e-001
8.3400000000e+002 5.4066368838e-001
8.3400000000e+002 5.4064868838e-001
8.3550000000e+002 5.4064868838e-001
8.3550000000e+002 5.4063368838e-001
8.3700000000e+002 5.4063368838e-001
8.3700000000e+002 5.4061868838e-001
8.3850000000e+002 5.4061868838e-001
8.3850000000e+002 5.4060368838e-001
8.4000000000e+002 5.4060368838e-001
8.4000000000e+002 5.4058868838e-001
8.4150000000e+002 5.4058868838e-001
8.4150000000e+002 5.4057368838e-001
8.4300000000e+002 5.4057368838e-001
8.4300000000e+002 5.4055868838e-001
8.4450000000e+002 5.4055868838e-001
8.4450000000e+002 5.4054368838e-001
8.4600000000e+002 5.4054368838e-001
8.4600000000e+002 5.4052868838e-001
8.4750000000e+002 5.4052868838e-001
8.4750000000e+002 5.4051368838e-001
8.4900000000e+002 5.4051368838e-001
8.4900000000e+002 5.4049868838e-001
8.5050000000e+002 5.4049868838e-001
8.5050000000e+002 5.4048368838e-001
8.5200000000e+002 5.4048368838e-001
8.5200000000e+002 5.4046868838e-001
8.5350000000e+002 5.4046868838e-001
8.5350000000e+002 5.4045368838e-001
8.5500000000e+002 5.4045368838e-001
8.5500000000e+002 5.4043868838e-001
8.5650000000e+002 5.4043868838e-001
8.5650000000e+002 5.4042368838e-001
8.5800000000e+002 5.4042368838e-001
8.5800000000e+002 5.4040868838e-001
8.5950000000e+002 5.4040868838e-001
8.5950000000e+002 5.4039368838e-001
8.6100000000e+002 5.4039368838e-001
8.6100000000e+002 5.4037868838e-001
8.6250000000e+002 5.4037868838e-001
8.6250000000e+002 5.4036368838e-001
8.6400000000e+002 5.4036368838e-001
8.6400000000e+002 5.4034868838e-001
8.6550000000e+002 5.4034868838e-001
8.6550000000e+002 5.4033368838e-001
8.6700000000e+002 5.4033368838e-001
8.6700000000e+002 5.4031868838e-001
8.6850000000e+002 5.4031868838e-001
8.6850000000e+002 5.4030368838e-001
8.7000000000e+002 5.4030368838e-001
8.7000000000e+002 5.4028868838e-001
8.7150000000e+002 5.4028868838e-001
8.7150000000e+002 5.4027368838e-001
8.7300000000e+002 5.4027368838e-001
8.7300000000e+002 5.4025868838e-001
8.7450000000e+002 5.4025868838e-001
8.7450000000e+002 5.4024368838e-001
8.7600000000e+002 5.4024368838e-001
8.7600000000e+002 5.4022868838e-001
8.7750000000e+002 5.4022868838e-001
8.7750000000e+002 5.4021368838e-001
8.7900000000e+002 5.4021368838e-001
8.7900000000e+002 5.4019868838e-001
8.8050000000e+002 5.4019868838e-001
8.8050000000e+002 5.4018368838e-001
8.8200000000e+002 5.4018368838e-001
8.8200000000e+002 5.4016868838e-001
8.8350000000e+002 5.4016868838e-001
8.8350000000e+002 5.4015368838e-001
8.8500000000e+002 5.4015368838e-001
8.8500000000e+002 5.4013868838e-001
8.8650000000e+002 5.4013868838e-001
8.8650000000e+002 5.4012368838e-001
8.8800000000e+002 5.4012368838e-001
8.8800000000e+002 5.4010868838e-001
8.8950000000e+002 5.4010868838e-001
8.8950000000e+002 5.4009368838e-001
8.9100000000e+002 5.4009368838e-001
8.9100000000e+002 5.4007868838e-001
8.9250000000e+002 5.4007868838e-001
8.9250000000e+002 5.4006368838e-001
8.9400000000e+002 5.4006368838e-001
8.9400000000e+002 5.4004868838e-001
8.9550000000e+002 5.4004868838e-001
8.9550000000e+002 5.4003368838e-001
8.9700000000e+002 5.4003368838e-001
8.9700000000e+002 5.4001868838e-001
8.9850000000e+002 5.4001868838e-001
8.9850000000e+002 5.4000368838e-001
9.0000000000e+002 5.4000368838e-001
9.0000000000e+002 5.3998868838e-001
9.0150000000e+002 5.3998868838e-001
9.0150000000e+002 5.3997368838e-001
9.0300000000e+002 5.3997368838e-001
9.0300000000e+002 5.3995868838e-001
9.0450000000e+002 5.3995868838e-001
9.0450000000e+002 5.3994368838e-001
9.0600000000e+002 5.3994368838e-001
9.0600000000e+002 5.3992868838e-001
9.0750000000e+002 5.3992868838e-001
9.0750000000e+002 5.3991368838e-001
9.0900000000e+002 5.3991368838e-001
9.0900000000e+002 5.3989868838e-001
9.1050000000e+002 5.3989868838e-001
9.1050000000e+002 5.3988368838e-001
9.1200000000e+002 5.3988368838e-001
9.1200000000e+002 5.3986868838e-001
9.1350000000e+002 5.3986868838e-001
9.1350000000e+002 5.3985368838e-001
9.1500000000e+002 5.3985368838e-001
9.1500000000e+002 5.3983868838e-001
9.1650000000e+002 5.3983868838e-001
9.1650000000e+002 5.3982368838e-001
9.1800000000e+002 5.3982368838e-001
9.1800000000e+002 5.3980868838e-001
9.1950000000e+002 5.3980868838e-001
9.1950000000e+002 5.3979368838e-001
9.2100000000e+002 5.3979368838e-001
9.2100000000e+002 5.3977868838e-001
9.2250000000e+002 5.3977868838e-001
9.2250000000e+002 5.3976368838e-001
9.2400000000e+002 5.3976368838e-001
9.2400000000e+002 5.3974868838e-001
9.2550000000e+002 5.3974868838e-001
9.2550000000e+002 5.3973368838e-001
9.2700000000e+002 5.3973368838e-001
9.2700000000e+002 5.3971868838e-001
9.2850000000e+002 5.3971868838e-001
9.2850000000e+002 5.3970368838e-001
9.3000000000e+002 5.3970368838e-001
9.3000000000e+002 5.3968868838e-001
9.3150000000e+002 5.3968868838e-001
9.3150000000e+002 5.3967368838e-001
9.3300000000e+002 5.3967368838e-001
9.3300000000e+002 5.3965868838e-001
9.3450000000e+002 5.3965868838e-001
9.3450000000e+002 5.3964368838e-001
9.3600000000e+002 5.3964368838e-001
9.3600000000e+002 5.3962868838e-001
9.3750000000e+002 5.3962868838e-001
9.3750000000e+002 5.3961368838e-001
9.3900000000e+002 5.3961368838e-001
9.3900000000e+002 5.3959868838e-001
9.4050000000e+002 5.3959868838e-001
9.4050000000e+002 5.3958368838e-001
9.4200000000e+002 5.3958368838e-001
9.4200000000e+002 5.3956868838e-001
9.4350000000e+002 5.3956868838e-001
9.4350000000e+002 5.3955368838e-001
9.4500000000e+002 5.3955368838e-001
9.4500000000e+002 5.3953868838e-001
9.4650000000e+002 5.3953868838e-001
9.4650000000e+002 5.3952368838e-001
9.4800000000e+002 5.3952368838e-001
9.4800000000e+002 5.3950868838e-001
9.4950000000e+002 5.3950868838e-001
9.4950000000e+002 5.3949368838e-001
9.5100000000e+002 5.3949368838e-001
9.5100000000e+002 5.3947868838e-001
9.5250000000e+002 5.3947868838e-001
9.5250000000e+002 5.3946368838e-001
9.5400000000e+002 5.3946368838e-001
9.5400000000e+002 5.3944868838e-001
9.5550000000e+002 5.3944868838e-001
9.5550000000e+002 5.3943368838e-001
9.5700000000e+002 5.3943368838e-001
9.5700000000e+002 5.3941868838e-001
9.5850000000e+002 5.3941868838e-001
9.5850000000e+002 5.3940368838e-001
9.6000000000e+002 5.3940368838e-001
9.6000000000e+002 5.3938868838e-001
9.6150000000e+002 5.3938868838e-001
9.6150000000e+002 5.3937368838e-001
9.6300000000e+002 5.3937368838e-001
9.6300000000e+002 5.3935868838e-001
9.6450000000e+002 5.3935868838e-001
9.6450000000e+002 5.3934368838e-001
9.6600000000e+002 5.3934368838e-001
9.6600000000e+002 5.3932868838e-001
9.6750000000e+002 5.3932868838e-001
9.6750000000e+002 5.3931368838e-001
9.6900000000e+002 5.3931368838e-001
9.6900000000e+002 5.3929868838e-001
9.7050000000e+002 5.3929868838e-001
9.7050000000e+002 5.3928368838e-001
9.7200000000e+002 5.3928368838e-001
9.7200000000e+002 5.3926868838e-001
9.7350000000e+002 5.3926868838e-001
9.7350000000e+002 5.3925368838e-001
9.7500000000e+002 5.3925368838e-001
9.7500000000e+002 5.3923868838e-001
9.7650000000e+002 5.3923868838e-001
9.7650000000e+002 5.3922368838e-001
9.7800000000e+002 5.3922368838e-001
9.7800000000e+002 5.3920868838e-001
9.7950000000e+002 5.3920868838e-001
9.7950000000e+002 5.3919368838e-001
9.8100000000e+002 5.3919368838e-001
9.8100000000e+002 5.3917868838e-001
9.8250000000e+002 5.3917868838e-001
9.8250000000e+002 5.3916368838e-001
9.8400000000e+002 5.3916368838e-001
9.8400000000e+002 5.3914868838e-001
9.8550000000e+002 5.3914868838e-001
9.8550000000e+002 5.3913368838e-001
9.8700000000e+002 5.3913368838e-001
9.8700000000e+002 5.3911868838e-001
9.8850000000e+002 5.3911868838e-001
9.8850000000e+002 5.3910368838e-001
9.9000000000e+002 5.3910368838e-001
9.9000000000e+002 5.3908868838e-001
9.9150000000e+002 5.3908868838e-001
9.9150000000e+002 5.3907368838e-001
9.9300000000e+002 5.3907368838e-001
9.9300000000e+002 5.3905868838e-001
9.9450000000e+002 5.3905868838e-001
9.9450000000e+002 5.3904368838e-001
9.9600000000e+002 5.3904368838e-001
9.9600000000e+002 5.3902868838e-001
9.9750000000e+002 5.3902868838e-001
9.9750000000e+002 5.3901368838e-001
9.9900000000e+002 5.3901368838e-001
9.9900000000e+002 5.3899868838e-001
1.0005000000e+003 5.3899868838e-001
1.0005000000e+003 5.3898368838e-001
1.0020000000e+003 5.3898368838e-001
1.0020000000e+003 5.3896868838e-001
1.0035000000e+003 5.3896868838e-001
1.0035000000e+003 5.3895368838e-001
1.0050000000e+003 5.3895368838e-001
1.0050000000e+003 5.3893868838e-001
1.0065000000e+003 5.3893868838e-001
1.0065000000e+003 5.3892368838e-001
1.0080000000e+003 5.3892368838e-001
1.0080000000e+003 5.3890868838e-001
1.0095000000e+003 5.3890868838e-001
1.0095000000e+003 5.3889368838e-001
1.0110000000e+003 5.3889368838e-001
1.0110000000e+003 5.3887868838e-001
1.0125000000e+003 5.3887868838e-001
1.0125000000e+003 5.3886368838e-001
1.0140000000e+003 5.3886368838e-001
1.0140000000e+003 5.3884868838e-001
1.0155000000e+003 5.3884868838e-001
1.0155000000e+003 5.3883368838e-001
1.0170000000e+003 5.3883368838e-001
1.0170000000e+003 5.3881868838e-001
1.0185000000e+003 5.3881868838e-001
1.0185000000e+003 5.3880368838e-001
1.0200000000e+003 5.3880368838e-001
1.0200000000e+003 5.3878868838e-001
1.0215000000e+003 5.3878868838e-001
1.0215000000e+003 5.3877368838e-001
1.0230000000e+003 5.3877368838e-001
1.0230000000e+003 5.3875868838e-001
1.0245000000e+003 5.3875868838e-001
1.0245000000e+003 5.3874368838e-001
1.0260000000e+003 5.3874368838e-001
1.0260000000e+003 5.3872868838e-001
1.0275000000e+003 5.3872868838e-001
1.0275000000e+003 5.3871368838e-001
1.0290000000e+003 5.3871368838e-001
1.0290000000e+003 5.3869868838e-001
1.0305000000e+003 5.3869868838e-001
1.0305000000e+003 5.3868368838e-001
1.0320000000e+003 5.3868368838e-001
1.0320000000e+003 5.3866868838e-001
1.0335000000e+003 5.3866868838e-001
1.0335000000e+003 5.3865368838e-001
1.0350000000e+003 5.3865368838e-001
1.0350000000e+003 5.3863868838e-001
1.0365000000e+003 5.3863868838e-001
1.0365000000e+003 5.3862368838e-001
1.0380000000e+003 5.3862368838e-001
1.0380000000e+003 5.3860868838e-001
1.0395000000e+003 5.3860868838e-001
1.0395000000e+003 5.3859368838e-001
1.0410000000e+003 5.3859368838e-001
1.0410000000e+003 5.3857868838e-001
1.0425000000e+003 5.3857868838e-001
1.0425000000e+003 5.3856368838e-001
1.0440000000e+003 5.3856368838e-001
1.0440000000e+003 5.3854868838e-001
1.0455000000e+003 5.3854868838e-001
1.0455000000e+003 5.3853368838e-001
1.0470000000e+003 5.3853368838e-001
1.0470000000e+003 5.3851868838e-001
1.0485000000e+003 5.3851868838e-001
1.0485000000e+003 5.3850368838e-001
1.0500000000e+003 5.3850368838e-001
1.0500000000e+003 5.3848868838e-001
1.0515000000e+003 5.3848868838e-001
1.0515000000e+003 5.3847368838e-001
1.0530000000e+003 5.3847368838e-001
1.0530000000e+003 5.3845868838e-001
1.0545000000e+003 5.3845868838e-001
1.0545000000e+003 5.3844368838e-001
1.0560000000e+003 5.3844368838e-001
1.0560000000e+003 5.3842868838e-001
1.0575000000e+003 5.3842868838e-001
1.0575000000e+003 5.3841368838e-001
1.0590000000e+003 5.3841368838e-001
1.0590000000e+003 5.3839868838e-001
1.0605000000e+003 5.3839868838e-001
1.0605000000e+003 5.3838368838e-001
1.0620000000e+003 5.3838368838e-001
1.0620000000e+003 5.3836868838e-001
1.0635000000e+003 5.3836868838e-001
1.0635000000e+003 5.3835368838e-001
1.0650000000e+003 5.3835368838e-001
1.0650000000e+003 5.3833868838e-001
1.0665000000e+003 5.3833868838e-001
1.0665000000e+003 5.3832368838e-001
1.0680000000e+003 5.3832368838e-001
1.0680000000e+003 5.3830868838e-001
1.0695000000e+003 5.3830868838e-001
1.0695000000e+003 5.3829368838e-001
1.0710000000e+003 5.3829368838e-001
1.0710000000e+003 5.3827868838e-001
1.0725000000e+003 5.3827868838e-001
1.0725000000e+003 5.3826368838e-001
1.0740000000e+003 5.3826368838e-001
1.0740000000e+003 5.3824868838e-001
1.0755000000e+003 5.3824868838e-001
1.0755000000e+003 5.3823368838e-001
1.0770000000e+003 5.3823368838e-001
1.0770000000e+003 5.3821868838e-001
1.0785000000e+003 5.3821868838e-001
1.0785000000e+003 5.3820368838e-001
1.0800000000e+003 5.3820368838e-001
1.0800000000e+003 5.3818868838e-001
1.0815000000e+003 5.3818868838e-001
1.0815000000e+003 5.3817368838e-001
1.0830000000e+003 5.3817368838e-001
1.0830000000e+003 5.3815868838e-001
1.0845000000e+003 5.3815868838e-001
1.0845000000e+003 5.3814368838e-001
1.0860000000e+003 5.3814368838e-001
1.0860000000e+003 5.3812868838e-001
1.0875000000e+003 5.3812868838e-001
1.0875000000e+003 5.3811368838e-001
1.0890000000e+003 5.3811368838e-001
1.0890000000e+003 5.3809868838e-001
1.0905000000e+003 5.3809868838e-001
1.0905000000e+003 5.3808368838e-001
1.0920000000e+003 5.3808368838e-001
1.0920000000e+003 5.3806868838e-001
1.0935000000e+003 5.3806868838e-001
1.0935000000e+003 5.3805368838e-001
1.0950000000e+003 5.3805368838e-001
1.0950000000e+003 5.3803868838e-001
1.0965000000e+003 5.3803868838e-001
1.0965000000e+003 5.3802368838e-001
1.0980000000e+003 5.3802368838e-001
1.0980000000e+003 5.3800868838e-001
1.0995000000e+003 5.3800868838e-001
1.0995000000e+003 5.3799368838e-001
1.1010000000e+003 5.3799368838e-001
1.1010000000e+003 5.3797868838e-001
1.1025000000e+003 5.3797868838e-001
1.1025000000e+003 5.3796368838e-001
1.1040000000e+003 5.3796368838e-001
1.1040000000e+003 5.3794868838e-001
1.1055000000e+003 5.3794868838e-001
1.1055000000e+003 5.3793368838e-001
1.1070000000e+003 5.3793368838e-001
1.1070000000e+003 5.3791868838e-001
1.1085000000e+003 5.3791868838e-001
1.1085000000e+003 5.3790368838e-001
1.1100000000e+003 5.3790368838e-001
1.1100000000e+003 5.3788868838e-001
1.1115000000e+003 5.3788868838e-001
1.1115000000e+003 5.3787368838e-001
1.1130000000e+003 5.3787368838e-001
1.1130000000e+003 5.3785868838e-001
1.1145000000e+003 5.3785868838e-001
1.1145000000e+003 5.3784368838e-001
1.1160000000e+003 5.3784368838e-001
1.1160000000e+003 5.3782868838e-001
1.1175000000e+003 5.3782868838e-001
1.1175000000e+003 5.3781368838e-001
1.1190000000e+003 5.3781368838e-001
1.1190000000e+003 5.3779868838e-001
1.1205000000e+003 5.3779868838e-001
1.1205000000e+003 5.3778368838e-001
1.1220000000e+003 5.3778368838e-001
1.1220000000e+003 5.3776868838e-001
1.1235000000e+003 5.3776868838e-001
1.1235000000e+003 5.3775368838e-001
1.1250000000e+003 5.3775368838e-001
1.1250000000e+003 5.3773868838e-001
1.1265000000e+003 5.3773868838e-001
1.1265000000e+003 5.3772368838e-001
1.1280000000e+003 5.3772368838e-001
1.1280000000e+003 5.3770868838e-001
1.1295000000e+003 5.3770868838e-001
1.1295000000e+003 5.3769368838e-001
1.1310000000e+003 5.3769368838e-001
1.1310000000e+003 5.3767868838e-001
1.1325000000e+003 5.3767868838e-001
1.1325000000e+003 5.3766368838e-001
1.1340000000e+003 5.3766368838e-001
1.1340000000e+003 5.3764868838e-001
1.1355000000e+003 5.3764868838e-001
1.1355000000e+003 5.3763368838e-001
1.1370000000e+003 5.3763368838e-001
1.1370000000e+003 5.3761868838e-001
1.1385000000e+003 5.3761868838e-001
1.1385000000e+003 5.3760368838e-001
1.1400000000e+003 5.3760368838e-001
1.1400000000e+003 5.3758868838e-001
1.1415000000e+003 5.3758868838e-001
1.1415000000e+003 5.3757368838e-001
1.1430000000e+003 5.3757368838e-001
1.1430000000e+003 5.3755868838e-001
1.1445000000e+003 5.3755868838e-001
1.1445000000e+003 5.3754368838e-001
1.1460000000e+003 5.3754368838e-001
1.1460000000e+003 5.3752868838e-001
1.1475000000e+003 5.3752868838e-001
1.1475000000e+003 5.3751368838e-001
1.1490000000e+003 5.3751368838e-001
1.1490000000e+003 5.3749868838e-001
1.1505000000e+003 5.3749868838e-001
1.1505000000e+003 5.3748368838e-001
1.1520000000e+003 5.3748368838e-001
1.1520000000e+003 5.3746868838e-001
1.1535000000e+003 5.3746868838e-001
1.1535000000e+003 5.3745368838e-001
1.1550000000e+003 5.3745368838e-001
1.1550000000e+003 5.3743868838e-001
1.1565000000e+003 5.3743868838e-001
1.1565000000e+003 5.3742368838e-001
1.1580000000e+003 5.3742368838e-001
1.1580000000e+003 5.3740868838e-001
1.1595000000e+003 5.3740868838e-001
1.1595000000e+003 5.3739368838e-001
1.1610000000e+003 5.3739368838e-001
1.1610000000e+003 5.3737868838e-001
1.1625000000e+003 5.3737868838e-001
1.1625000000e+003 5.3736368838e-001
1.1640000000e+003 5.3736368838e-001
1.1640000000e+003 5.3734868838e-001
1.1655000000e+003 5.3734868838e-001
1.1655000000e+003 5.3733368838e-001
1.1670000000e+003 5.3733368838e-001
1.1670000000e+003 5.3731868838e-001
1.1685000000e+003 5.3731868838e-001
1.1685000000e+003 5.3730368838e-001
1.1700000000e+003 5.3730368838e-001
1.1700000000e+003 5.3728868838e-001
1.1715000000e+003 5.3728868838e-001
1.1715000000e+003 5.3727368838e-001
1.1730000000e+003 5.3727368838e-001
1.1730000000e+003 5.3725868838e-001
1.1745000000e+003 5.3725868838e-001
1.1745000000e+003 5.3724368838e-001
1.1760000000e+003 5.3724368838e-001
1.1760000000e+003 5.3722868838e-001
1.1775000000e+003 5.3722868838e-001
1.1775000000e+003 5.3721368838e-001
1.1790000000e+003 5.3721368838e-001
1.1790000000e+003 5.3719868838e-001
1.1805000000e+003 5.3719868838e-001
1.1805000000e+003 5.3718368838e-001
1.1820000000e+003 5.3718368838e-001
1.1820000000e+003 5.3716868838e-001
1.1835000000e+003 5.3716868838e-001
1.1835000000e+003 5.3715368838e-001
1.1850000000e+003 5.3715368838e-001
1.1850000000e+003 5.3713868838e-001
1.1865000000e+003 5.3713868838e-001
1.1865000000e+003 5.3712368838e-001
1.1880000000e+003 5.3712368838e-001
1.1880000000e+003 5.3710868838e-001
1.1895000000e+003 5.3710868838e-001
1.1895000000e+003 5.3709368838e-001
1.1910000000e+003 5.3709368838e-001
1.1910000000e+003 5.3707868838e-001
1.1925000000e+003 5.3707868838e-001
1.1925000000e+003 5.3706368838e-001
1.1940000000e+003 5.3706368838e-001
1.1940000000e+003 5.3704868838e-001
1.1955000000e+003 5.3704868838e-001
1.1955000000e+003 5.3703368838e-001
1.1970000000e+003 5.3703368838e-001
1.1970000000e+003 5.3701868838e-001
1.1985000000e+003 5.3701868838e-001
1.1985000000e+003 5.3700368838e-001
1.2000000000e+003 5.3700368838e-001
1.2000000000e+003 5.3698868838e-001
1.2015000000e+003 5.3698868838e-001
1.2015000000e+003 5.3697368838e-001
1.2030000000e+003 5.3697368838e-001
1.2030000000e+003 5.3695868838e-001
1.2045000000e+003 5.3695868838e-001
1.2045000000e+003 5.3694368838e-001
1.2060000000e+003 5.3694368838e-001
1.2060000000e+003 5.3692868838e-001
1.2075000000e+003 5.3692868838e-001
1.2075000000e+003 5.3691368838e-001
1.2090000000e+003 5.3691368838e-001
1.2090000000e+003 5.3689868838e-001
1.2105000000e+003 5.3689868838e-001
1.2105000000e+003 5.3688368838e-001
1.2120000000e+003 5.3688368838e-001
1.2120000000e+003 5.3686868838e-001
1.2135000000e+003 5.3686868838e-001
1.2135000000e+003 5.3685368838e-001
1.2150000000e+003 5.3685368838e-001
1.2150000000e+003 5.3683868838e-001
1.2165000000e+003 5.3683868838e-001
1.2165000000e+003 5.3682368838e-001
1.2180000000e+003 5.3682368838e-001
1.2180000000e+003 5.3680868838e-001
1.2195000000e+003 5.3680868838e-001
1.2195000000e+003 5.3679368838e-001
1.2210000000e+003 5.3679368838e-001
1.2210000000e+003 5.3677868838e-001
1.2225000000e+003 5.3677868838e-001
1.2225000000e+003 5.3676368838e-001
1.2240000000e+003 5.3676368838e-001
1.2240000000e+003 5.3674868838e-001
1.2255000000e+003 5.3674868838e-001
1.2255000000e+003 5.3673368838e-001
1.2270000000e+003 5.3673368838e-001
1.2270000000e+003 5.3671868838e-001
1.2285000000e+003 5.3671868838e-001
1.2285000000e+003 5.3670368838e-001
1.2300000000e+003 5.3670368838e-001
1.2300000000e+003 5.3668868838e-001
1.2315000000e+003 5.3668868838e-001
1.2315000000e+003 5.3667368838e-001
1.2330000000e+003 5.3667368838e-001
1.2330000000e+003 5.3665868838e-001
1.2345000000e+003 5.3665868838e-001
1.2345000000e+003 5.3664368838e-001
1.2360000000e+003 5.3664368838e-001
1.2360000000e+003 5.3662868838e-001
1.2375000000e+003 5.3662868838e-001
1.2375000000e+003 5.3661368838e-001
1.2390000000e+003 5.3661368838e-001
1.2390000000e+003 5.3659868838e-001
1.2405000000e+003 5.3659868838e-001
1.2405000000e+003 5.3658368838e-001
1.2420000000e+003 5.3658368838e-001
1.2420000000e+003 5.3656868838e-001
1.2435000000e+003 5.3656868838e-001
1.2435000000e+003 5.3655368838e-001
1.2450000000e+003 5.3655368838e-001
1.2450000000e+003 5.3653868838e-001
1.2465000000e+003 5.3653868838e-001
1.2465000000e+003 5.3652368838e-001
1.2480000000e+003 5.3652368838e-001
1.2480000000e+003 5.3650868838e-001
1.2495000000e+003 5.3650868838e-001
1.2495000000e+003 5.3649368838e-001
1.2510000000e+003 5.3649368838e-001
1.2510000000e+003 5.3647868838e-001
1.2525000000e+003 5.3647868838e-001
1.2525000000e+003 5.3646368838e-001
1.2540000000e+003 5.3646368838e-001
1.2540000000e+003 5.3644868838e-001
1.2555000000e+003 5.3644868838e-001
1.2555000000e+003 5.3643368838e-001
1.2570000000e+003 5.3643368838e-001
1.2570000000e+003 5.3641868838e-001
1.2585000000e+003 5.3641868838e-001
1.2585000000e+003 5.3640368838e-001
1.2600000000e+003 5.3640368838e-001
1.2600000000e+003 5.3638868838e-001
1.2615000000e+003 5.3638868838e-001
1.2615000000e+003 5.3637368838e-001
1.2630000000e+003 5.3637368838e-001
1.2630000000e+003 5.3635868838e-001
1.2645000000e+003 5.3635868838e-001
1.2645000000e+003 5.3634368838e-001
1.2660000000e+003 5.3634368838e-001
1.2660000000e+003 5.3632868838e-001
1.2675000000e+003 5.3632868838e-001
1.2675000000e+003 5.3631368838e-001
1.2690000000e+003 5.3631368838e-001
1.2690000000e+003 5.3629868838e-001
1.2705000000e+003 5.3629868838e-001
1.2705000000e+003 5.3628368838e-001
1.2720000000e+003 5.3628368838e-001
1.2720000000e+003 5.3626868838e-001
1.2735000000e+003 5.3626868838e-001
1.2735000000e+003 5.3625368838e-001
1.2750000000e+003 5.3625368838e-001
1.2750000000e+003 5.3623868838e-001
1.2765000000e+003 5.3623868838e-001
1.2765000000e+003 5.3622368838e-001
1.2780000000e+003 5.3622368838e-001
1.2780000000e+003 5.3620868838e-001
1.2795000000e+003 5.3620868838e-001
1.2795000000e+003 5.3619368838e-001
1.2810000000e+003 5.3619368838e-001
1.2810000000e+003 5.3617868838e-001
1.2825000000e+003 5.3617868838e-001
1.2825000000e+003 5.3616368838e-001
1.2840000000e+003 5.3616368838e-001
1.2840000000e+003 5.3614868838e-001
1.2855000000e+003 5.3614868838e-001
1.2855000000e+003 5.3613368838e-001
1.2870000000e+003 5.3613368838e-001
1.2870000000e+003 5.3611868838e-001
1.2885000000e+003 5.3611868838e-001
1.2885000000e+003 5.3610368838e-001
1.2900000000e+003 5.3610368838e-001
1.2900000000e+003 5.3608868838e-001
1.2915000000e+003 5.3608868838e-001
1.2915000000e+003 5.3607368838e-001
1.2930000000e+003 5.3607368838e-001
1.2930000000e+003 5.3605868838e-001
1.2945000000e+003 5.3605868838e-001
1.2945000000e+003 5.3604368838e-001
1.2960000000e+003 5.3604368838e-001
1.2960000000e+003 5.3602868838e-001
1.2975000000e+003 5.3602868838e-001
1.2975000000e+003 5.3601368838e-001
1.2990000000e+003 5.3601368838e-001
1.2990000000e+003 5.3599868838e-001
1.3005000000e+003 5.3599868838e-001
1.3005000000e+003 5.3598368838e-001
1.3020000000e+003 5.3598368838e-001
1.3020000000e+003 5.3596868838e-001
1.3035000000e+003 5.3596868838e-001
1.3035000000e+003 5.3595368838e-001
1.3050000000e+003 5.3595368838e-001
1.3050000000e+003 5.3593868838e-001
1.3065000000e+003 5.3593868838e-001
1.3065000000e+003 5.3592368838e-001
1.3080000000e+003 5.3592368838e-001
1.3080000000e+003 5.3590868838e-001
1.3095000000e+003 5.3590868838e-001
1.3095000000e+003 5.3589368838e-001
1.3110000000e+003 5.3589368838e-001
1.3110000000e+003 5.3587868838e-001
1.3125000000e+003 5.3587868838e-001
1.3125000000e+003 5.3586368838e-001
1.3140000000e+003 5.3586368838e-001
1.3140000000e+003 5.3584868838e-001
1.3155000000e+003 5.3584868838e-001
1.3155000000e+003 5.3583368838e-001
1.3170000000e+003 5.3583368838e-001
1.3170000000e+003 5.3581868838e-001
1.3185000000e+003 5.3581868838e-001
1.3185000000e+003 5.3580368838e-001
1.3200000000e+003 5.3580368838e-001
1.3200000000e+003 5.3578868838e-001
1.3215000000e+003 5.3578868838e-001
1.3215000000e+003 5.3577368838e-001
1.3230000000e+003 5.3577368838e-001
1.3230000000e+003 5.3575868838e-001
1.3245000000e+003 5.3575868838e-001
1.3245000000e+003 5.3574368838e-001
1.3260000000e+003 5.3574368838e-001
1.3260000000e+003 5.3572868838e-001
1.3275000000e+003 5.3572868838e-001
1.3275000000e+003 5.3571368838e-001
1.3290000000e+003 5.3571368838e-001
1.3290000000e+003 5.3569868838e-001
1.3305000000e+003 5.3569868838e-001
1.3305000000e+003 5.3568368838e-001
1.3320000000e+003 5.3568368838e-001
1.3320000000e+003 5.3566868838e-001
1.3335000000e+003 5.3566868838e-001
1.3335000000e+003 5.3565368838e-001
1.3350000000e+003 5.3565368838e-001
1.3350000000e+003 5.3563868838e-001
1.3365000000e+003 5.3563868838e-001
1.3365000000e+003 5.3562368838e-001
1.3380000000e+003 5.3562368838e-001
1.3380000000e+003 5.3560868838e-001
1.3395000000e+003 5.3560868838e-001
1.3395000000e+003 5.3559368838e-001
1.3410000000e+003 5.3559368838e-001
1.3410000000e+003 5.3557868838e-001
1.3425000000e+003 5.3557868838e-001
1.3425000000e+003 5.3556368838e-001
1.3440000000e+003 5.3556368838e-001
1.3440000000e+003 5.3554868838e-001
1.3455000000e+003 5.3554868838e-001
1.3455000000e+003 5.3553368838e-001
1.3470000000e+003 5.3553368838e-001
1.3470000000e+003 5.3551868838e-001
1.3485000000e+003 5.3551868838e-001
1.3485000000e+003 5.3550368838e-001
1.3500000000e+003 5.3550368838e-001
1.3500000000e+003 5.3548868838e-001
1.3515000000e+003 5.3548868838e-001
1.3515000000e+003 5.3547368838e-001
1.3530000000e+003 5.3547368838e-001
1.3530000000e+003 5.3545868838e-001
1.3545000000e+003 5.3545868838e-001
1.3545000000e+003 5.3544368838e-001
1.3560000000e+003 5.3544368838e-001
1.3560000000e+003 5.3542868838e-001
1.3575000000e+003 5.3542868838e-001
1.3575000000e+003 5.3541368838e-001
1.3590000000e+003 5.3541368838e-001
1.3590000000e+003 5.3539868838e-001
1.3605000000e+003 5.3539868838e-001
1.3605000000e+003 5.3538368838e-001
1.3620000000e+003 5.3538368838e-001
1.3620000000e+003 5.3536868838e-001
1.3635000000e+003 5.3536868838e-001
1.3635000000e+003 5.3535368838e-001
1.3650000000e+003 5.3535368838e-001
1.3650000000e+003 5.3533868838e-001
1.3665000000e+003 5.3533868838e-001
1.3665000000e+003 5.3532368838e-001
1.3680000000e+003 5.3532368838e-001
1.3680000000e+003 5.3530868838e-001
1.3695000000e+003 5.3530868838e-001
1.3695000000e+003 5.3529368838e-001
1.3710000000e+003 5.3529368838e-001
1.3710000000e+003 5.3527868838e-001
1.3725000000e+003 5.3527868838e-001
1.3725000000e+003 5.3526368838e-001
1.3740000000e+003 5.3526368838e-001
1.3740000000e+003 5.3524868838e-001
1.3755000000e+003 5.3524868838e-001
1.3755000000e+003 5.3523368838e-001
1.3770000000e+003 5.3523368838e-001
1.3770000000e+003 5.3521868838e-001
1.3785000000e+003 5.3521868838e-001
1.3785000000e+003 5.3520368838e-001
1.3800000000e+003 5.3520368838e-001
1.3800000000e+003 5.3518868838e-001
1.3815000000e+003 5.3518868838e-001
1.3815000000e+003 5.3517368838e-001
1.3830000000e+003 5.3517368838e-001
1.3830000000e+003 5.3515868838e-001
1.3845000000e+003 5.3515868838e-001
1.3845000000e+003 5.3514368838e-001
1.3860000000e+003 5.3514368838e-001
1.3860000000e+003 5.3512868838e-001
1.3875000000e+003 5.3512868838e-001
1.3875000000e+003 5.3511368838e-001
1.3890000000e+003 5.3511368838e-001
1.3890000000e+003 5.3509868838e-001
1.3905000000e+003 5.3509868838e-001
1.3905000000e+003 5.3508368838e-001
1.3920000000e+003 5.3508368838e-001
1.3920000000e+003 5.3506868838e-001
1.3935000000e+003 5.3506868838e-001
1.3935000000e+003 5.3505368838e-001
1.3950000000e+003 5.3505368838e-001
1.3950000000e+003 5.3503868838e-001
1.3965000000e+003 5.3503868838e-001
1.3965000000e+003 5.3502368838e-001
1.3980000000e+003 5.3502368838e-001
1.3980000000e+003 5.3500868838e-001
1.3995000000e+003 5.3500868838e-001
1.3995000000e+003 5.3499368838e-001
1.4010000000e+003 5.3499368838e-001
1.4010000000e+003 5.3497868838e-001
1.4025000000e+003 5.3497868838e-001
1.4025000000e+003 5.3496368838e-001
1.4040000000e+003 5.3496368838e-001
1.4040000000e+003 5.3494868838e-001
1.4055000000e+003 5.3494868838e-001
1.4055000000e+003 5.3493368838e-001
1.4070000000e+003 5.3493368838e-001
1.4070000000e+003 5.3491868838e-001
1.4085000000e+003 5.3491868838e-001
1.4085000000e+003 5.3490368838e-001
1.4100000000e+003 5.3490368838e-001
1.4100000000e+003 5.3488868838e-001
1.4115000000e+003 5.3488868838e-001
1.4115000000e+003 5.3487368838e-001
1.4130000000e+003 5.3487368838e-001
1.4130000000e+003 5.3485868838e-001
1.4145000000e+003 5.3485868838e-001
1.4145000000e+003 5.3484368838e-001
1.4160000000e+003 5.3484368838e-001
1.4160000000e+003 5.3482868838e-001
1.4175000000e+003 5.3482868838e-001
1.4175000000e+003 5.3481368838e-001
1.4190000000e+003 5.3481368838e-001
1.4190000000e+003 5.3479868838e-001
1.4205000000e+003 5.3479868838e-001
1.4205000000e+003 5.3478368838e-001
1.4220000000e+003 5.3478368838e-001
1.4220000000e+003 5.3476868838e-001
1.4235000000e+003 5.3476868838e-001
1.4235000000e+003 5.3475368838e-001
1.4250000000e+003 5.3475368838e-001
1.4250000000e+003 5.3473868838e-001
1.4265000000e+003 5.3473868838e-001
1.4265000000e+003 5.3472368838e-001
1.4280000000e+003 5.3472368838e-001
1.4280000000e+003 5.3470868838e-001
1.4295000000e+003 5.3470868838e-001
1.4295000000e+003 5.3469368838e-001
1.4310000000e+003 5.3469368838e-001
1.4310000000e+003 5.3467868838e-001
1.4325000000e+003 5.3467868838e-001
1.4325000000e+003 5.3466368838e-001
1.4340000000e+003 5.3466368838e-001
1.4340000000e+003 5.3464868838e-001
1.4355000000e+003 5.3464868838e-001
1.4355000000e+003 5.3463368838e-001
1.4370000000e+003 5.3463368838e-001
1.4370000000e+003 5.3461868838e-001
1.4385000000e+003 5.3461868838e-001
1.4385000000e+003 5.3460368838e-001
1.4400000000e+003 5.3460368838e-001
1.4400000000e+003 5.3458868838e-001
1.4415000000e+003 5.3458868838e-001
1.4415000000e+003 5.3457368838e-001
1.4430000000e+003 5.3457368838e-001
1.4430000000e+003 5.3455868838e-001
1.4445000000e+003 5.3455868838e-001
1.4445000000e+003 5.3454368838e-001
1.4460000000e+003 5.3454368838e-001
1.4460000000e+003 5.3452868838e-001
1.4475000000e+003 5.3452868838e-001
1.4475000000e+003 5.3451368838e-001
1.4490000000e+003 5.3451368838e-001
1.4490000000e+003 5.3449868838e-001
1.4505000000e+003 5.3449868838e-001
1.4505000000e+003 5.3448368838e-001
1.4520000000e+003 5.3448368838e-001
1.4520000000e+003 5.3446868838e-001
1.4535000000e+003 5.3446868838e-001
1.4535000000e+003 5.3445368838e-001
1.4550000000e+003 5.3445368838e-001
1.4550000000e+003 5.3443868838e-001
1.4565000000e+003 5.3443868838e-001
1.4565000000e+003 5.3442368838e-001
1.4580000000e+003 5.3442368838e-001
1.4580000000e+003 5.3440868838e-001
1.4595000000e+003 5.3440868838e-001
1.4595000000e+003 5.3439368838e-001
1.4610000000e+003 5.3439368838e-001
1.4610000000e+003 5.3437868838e-001
1.4625000000e+003 5.3437868838e-001
1.4625000000e+003 5.3436368838e-001
1.4640000000e+003 5.3436368838e-001
1.4640000000e+003 5.3434868838e-001
1.4655000000e+003 5.3434868838e-001
1.4655000000e+003 5.3433368838e-001
1.4670000000e+003 5.3433368838e-001
1.4670000000e+003 5.3431868838e-001
1.4685000000e+003 5.3431868838e-001
1.4685000000e+003 5.3430368838e-001
1.4700000000e+003 5.3430368838e-001
1.4700000000e+003 5.3428868838e-001
1.4715000000e+003 5.3428868838e-001
1.4715000000e+003 5.3427368838e-001
1.4730000000e+003 5.3427368838e-001
1.4730000000e+003 5.3425868838e-001
1.4745000000e+003 5.3425868838e-001
1.4745000000e+003 5.3424368838e-001
1.4760000000e+003 5.3424368838e-001
1.4760000000e+003 5.3422868838e-001
1.4775000000e+003 5.3422868838e-001
1.4775000000e+003 5.3421368838e-001
1.4790000000e+003 5.3421368838e-001
1.4790000000e+003 5.3419868838e-001
1.4805000000e+003 5.3419868838e-001
1.4805000000e+003 5.3418368838e-001
1.4820000000e+003 5.3418368838e-001
1.4820000000e+003 5.3416868838e-001
1.4835000000e+003 5.3416868838e-001
1.4835000000e+003 5.3415368838e-001
1.4850000000e+003 5.3415368838e-001
1.4850000000e+003 5.3413868838e-001
1.4865000000e+003 5.3413868838e-001
1.4865000000e+003 5.3412368838e-001
1.4880000000e+003 5.3412368838e-001
1.4880000000e+003 5.3410868838e-001
1.4895000000e+003 5.3410868838e-001
1.4895000000e+003 5.3409368838e-001
1.4910000000e+003 5.3409368838e-001
1.4910000000e+003 5.3407868838e-001
1.4925000000e+003 5.3407868838e-001
1.4925000000e+003 5.3406368838e-001
1.4940000000e+003 5.3406368838e-001
1.4940000000e+003 5.3404868838e-001
1.4955000000e+003 5.3404868838e-001
1.4955000000e+003 5.3403368838e-001
1.4970000000e+003 5.3403368838e-001
1.4970000000e+003 5.3401868838e-001
1.4985000000e+003 5.3401868838e-001
1.4985000000e+003 5.3400368838e-001
1.5000000000e+003 5.3400368838e-001
