0.000000000000000e+000 -2.715247687919478e-011
3.000000000000000e+000 -2.306722254699908e-011
6.000000000000000e+000 -1.645391049635800e-011
9.000000000000000e+000 -8.024986643745280e-012
1.200000000000000e+001 1.307023687578167e-012
1.500000000000000e+001 1.052824723986169e-011
1.800000000000000e+001 1.863348345139923e-011
2.100000000000000e+001 2.473573053311214e-011
2.400000000000000e+001 2.816310099976258e-011
2.700000000000000e+001 2.853282968524616e-011
3.000000000000000e+001 2.579368726683853e-011
3.300000000000000e+001 2.023303638672610e-011
3.600000000000000e+001 1.244640728132570e-011
3.900000000000000e+001 3.274115874560725e-012
4.200000000000000e+001 -6.289678996099126e-012
4.500000000000000e+001 -1.520443308090235e-011
4.800000000000000e+001 -2.249633323365438e-011
5.100000000000000e+001 -2.736462692666457e-011
5.400000000000000e+001 -2.926943119326570e-011
5.700000000000000e+001 -2.799140214923463e-011
6.000000000000000e+001 -2.365710058118287e-011
6.300000000000000e+001 -1.672625660023373e-011
6.600000000000000e+001 -7.943452239279376e-012
6.900000000000000e+001 1.742134217064489e-012
7.200000000000000e+001 1.127897102488908e-011
7.500000000000000e+001 1.962729342638042e-011
7.800000000000000e+001 2.587236512193219e-011
8.100000000000000e+001 2.932449487729732e-011
8.400000000000000e+001 2.959516493014561e-011
8.700000000000000e+001 2.664063465210350e-011
9.000000000000000e+001 2.076823229279883e-011
9.300000000000000e+001 1.260447326461151e-011
9.600000000000000e+001 3.028349782718667e-012
9.900000000000000e+001 -6.923219013345183e-012
1.020000000000000e+002 -1.616750890057963e-011
1.050000000000000e+002 -2.369364153605927e-011
1.080000000000000e+002 -2.867300071642859e-011
1.110000000000000e+002 -3.055031188958966e-011
1.140000000000000e+002 -2.910547165720262e-011
1.170000000000000e+002 -2.447915020082372e-011
1.200000000000000e+002 -1.715934357083343e-011
1.230000000000000e+002 -7.930061365162694e-012
1.260000000000000e+002 2.212611754043386e-012
1.290000000000000e+002 1.216776368453818e-011
1.320000000000000e+002 2.084904814650052e-011
1.350000000000000e+002 2.730295227576752e-011
1.380000000000000e+002 3.081359233943415e-011
1.410000000000000e+002 3.098174852049829e-011
1.440000000000000e+002 2.777025757191000e-011
1.470000000000000e+002 2.151011670585048e-011
1.500000000000000e+002 1.286660769027924e-011
1.530000000000000e+002 2.768554117517978e-012
1.560000000000000e+002 -7.691052748641359e-012
1.590000000000000e+002 -1.737332539233780e-011
1.620000000000000e+002 -2.521723021019485e-011
1.650000000000000e+002 -3.035568647568430e-011
1.680000000000000e+002 -3.221130124869244e-011
1.710000000000000e+002 -3.056106474330823e-011
1.740000000000000e+002 -2.556292826332093e-011
1.770000000000000e+002 -1.774109419613545e-011
1.800000000000000e+002 -7.931144229253656e-012
1.830000000000000e+002 2.808903898345786e-012
1.860000000000000e+002 1.331252779444057e-011
1.890000000000000e+002 2.243117204919207e-011
1.920000000000000e+002 2.915961954924999e-011
1.950000000000000e+002 3.274666059088556e-011
1.980000000000000e+002 3.277874155977107e-011
2.010000000000000e+002 2.922756311598925e-011
2.040000000000000e+002 2.245583050952903e-011
2.070000000000000e+002 1.318061270909491e-011
2.100000000000000e+002 2.397613711151376e-012
2.130000000000000e+002 -8.725462929007174e-012
2.160000000000000e+002 -1.897505824576344e-011
2.190000000000000e+002 -2.722392191805245e-011
2.220000000000000e+002 -3.255490225323334e-011
2.250000000000000e+002 -3.436269984152108e-011
2.280000000000000e+002 -3.242249127768359e-011
2.310000000000000e+002 -2.691748485776417e-011
2.340000000000000e+002 -1.842210457552377e-011
2.370000000000000e+002 -7.842539184084062e-012
2.400000000000000e+002 3.679703238653740e-012
2.430000000000000e+002 1.489063617227590e-011
2.460000000000000e+002 2.455996006381493e-011
2.490000000000000e+002 3.161576855639308e-011
2.520000000000000e+002 3.526330253163614e-011
2.550000000000000e+002 3.507413570746125e-011
2.580000000000000e+002 3.103643050802375e-011
2.610000000000000e+002 2.355974201739864e-011
2.640000000000000e+002 1.343413282174751e-011
2.670000000000000e+002 1.746973627902907e-012
2.700000000000000e+002 -1.023342218609043e-011
2.730000000000000e+002 -2.119508210238041e-011
2.760000000000000e+002 -2.992574598932347e-011
2.790000000000000e+002 -3.544666913429273e-011
2.820000000000000e+002 -3.712218554879806e-011
2.850000000000000e+002 -3.473264925432587e-011
2.880000000000000e+002 -2.850262640074082e-011
2.910000000000000e+002 -1.908058550430200e-011
2.940000000000000e+002 -7.471887282378974e-012
2.970000000000000e+002 5.067977678263152e-012
3.000000000000000e+002 1.716877406131011e-011
3.030000000000000e+002 2.749486307821887e-011
3.060000000000000e+002 3.489238969707494e-011
3.090000000000000e+002 3.851782681530964e-011
3.120000000000000e+002 3.793417109113548e-011
3.150000000000000e+002 3.316324410659989e-011
3.180000000000000e+002 2.468813008279535e-011
3.210000000000000e+002 1.340489659528760e-011
3.240000000000000e+002 5.287291057597321e-013
3.270000000000000e+002 -1.253674877391188e-011
3.300000000000000e+002 -2.435184508391896e-011
3.330000000000000e+002 -3.359913551129268e-011
3.360000000000000e+002 -3.923011986498893e-011
3.390000000000000e+002 -4.058384227592552e-011
3.420000000000000e+002 -3.746436000527563e-011
3.450000000000000e+002 -3.016760707655498e-011
3.480000000000000e+002 -1.945462293502521e-011
3.510000000000000e+002 -6.472783199249999e-012
3.540000000000000e+002 7.366420409068823e-012
3.570000000000000e+002 2.054025850076150e-011
3.600000000000000e+002 3.158190432842568e-011
3.630000000000000e+002 3.924345451689262e-011
3.660000000000000e+002 4.263678335506327e-011
3.690000000000000e+002 4.133617023422830e-011
3.720000000000000e+002 3.543158123026489e-011
3.750000000000000e+002 2.552469495046396e-011
3.780000000000000e+002 1.266895965154918e-011
3.810000000000000e+002 -1.741886758032012e-012
3.840000000000000e+002 -1.612412316247680e-011
3.870000000000000e+002 -2.887757959476546e-011
3.900000000000000e+002 -3.856337776115169e-011
3.930000000000000e+002 -4.406595046041860e-011
3.960000000000000e+002 -4.472157103466024e-011
3.990000000000000e+002 -4.039817052315066e-011
4.020000000000000e+002 -3.151697087290679e-011
4.050000000000000e+002 -1.901305311766136e-011
4.080000000000000e+002 -4.237810880472366e-012
4.110000000000000e+002 1.118622454064971e-011
4.140000000000000e+002 2.554301387864506e-011
4.170000000000000e+002 3.721349801747894e-011
4.200000000000000e+002 4.485805667069484e-011
4.230000000000000e+002 4.757024242846696e-011
4.260000000000000e+002 4.498423780325760e-011
4.290000000000000e+002 3.732347487622848e-011
4.320000000000000e+002 2.538357981863580e-011
4.350000000000000e+002 1.045114413546558e-011
4.380000000000000e+002 -5.833998762763952e-012
4.410000000000000e+002 -2.165814628837292e-011
4.440000000000000e+002 -3.523540629347015e-011
4.470000000000000e+002 -4.500907369485901e-011
4.500000000000000e+002 -4.983051363355466e-011
4.530000000000000e+002 -4.909423274657190e-011
4.560000000000000e+002 -4.281402930264966e-011
4.590000000000000e+002 -3.163009963843316e-011
4.620000000000000e+002 -1.674551372195168e-011
4.650000000000000e+002 2.022079554804019e-013
4.680000000000000e+002 1.732052745381224e-011
4.710000000000000e+002 3.267302840921567e-011
4.740000000000000e+002 4.449875802190245e-011
4.770000000000000e+002 5.141487939596461e-011
4.800000000000000e+002 5.257909602103124e-011
4.830000000000000e+002 4.779326953588261e-011
4.860000000000000e+002 3.753448661538002e-011
4.890000000000000e+002 2.290982023917791e-011
4.920000000000000e+002 5.537754053090053e-012
4.950000000000000e+002 -1.263032199093069e-011
4.980000000000000e+002 -2.952980587682051e-011
5.010000000000000e+002 -4.321859045920434e-011
5.040000000000000e+002 -5.210205762770689e-011
5.070000000000000e+002 -5.512102717106337e-011
5.100000000000000e+002 -5.188035557540358e-011
5.130000000000000e+002 -4.270209408198692e-011
5.160000000000000e+002 -2.859603737426028e-011
5.190000000000000e+002 -1.114966780000498e-011
5.220000000000000e+002 7.650887973984733e-012
5.250000000000000e+002 2.564889948071367e-011
5.280000000000000e+002 4.076777147602973e-011
5.310000000000000e+002 5.125544838224049e-011
5.340000000000000e+002 5.589298722482514e-011
5.370000000000000e+002 5.414202647389235e-011
5.400000000000000e+002 4.621256635804283e-011
5.430000000000000e+002 3.304164872110570e-011
5.460000000000000e+002 1.618415903611269e-011
5.490000000000000e+002 -2.372447146487478e-012
5.520000000000000e+002 -2.044752229053821e-011
5.550000000000000e+002 -3.593238001546869e-011
5.580000000000000e+002 -4.704852701001553e-011
5.610000000000000e+002 -5.256645391615920e-011
5.640000000000000e+002 -5.195684127823903e-011
5.670000000000000e+002 -4.545367083851707e-011
5.700000000000000e+002 -3.401907835043799e-011
5.730000000000000e+002 -1.921369981144156e-011
5.760000000000000e+002 -2.986392901768756e-012
5.790000000000000e+002 1.258973734036976e-011
5.820000000000000e+002 2.560083657398742e-011
5.850000000000000e+002 3.455702941943429e-011
5.880000000000000e+002 3.860117951287477e-011
5.910000000000000e+002 3.762969377611559e-011
5.940000000000000e+002 3.230512009315583e-011
5.970000000000000e+002 2.395295844065310e-011
6.000000000000000e+002 1.435202760149051e-011
6.030000000000000e+002 5.443161961732739e-012
6.060000000000000e+002 -1.005459768241333e-012
6.090000000000000e+002 -3.728383442084043e-012
6.120000000000000e+002 -2.236842148487489e-012
6.150000000000000e+002 3.011656642484459e-012
6.180000000000000e+002 1.058608504158539e-011
6.210000000000000e+002 1.821844625248417e-011
6.240000000000000e+002 2.310387952128605e-011
6.270000000000000e+002 2.234018852520079e-011
6.300000000000000e+002 1.345916903199013e-011
6.330000000000000e+002 -5.017897059085209e-012
6.360000000000000e+002 -3.308184939398448e-011
6.390000000000000e+002 -6.887897895040234e-011
6.420000000000000e+002 -1.085746127846160e-010
6.450000000000000e+002 -1.464965578689172e-010
6.480000000000000e+002 -1.755888977755175e-010
6.510000000000000e+002 -1.881700515636505e-010
6.540000000000000e+002 -1.769449376684928e-010
6.570000000000000e+002 -1.361806129343020e-010
6.600000000000000e+002 -6.291556974146638e-011
6.630000000000000e+002 4.195283633868704e-011
6.660000000000000e+002 1.728708605420873e-010
6.690000000000000e+002 3.192811094927783e-010
6.720000000000000e+002 4.658576511909768e-010
6.750000000000000e+002 5.934069862380416e-010
6.780000000000000e+002 6.804512539953259e-010
6.810000000000000e+002 7.054299433200286e-010
6.840000000000000e+002 6.493714680912246e-010
6.870000000000000e+002 4.988034020153783e-010
6.900000000000000e+002 2.486010939890300e-010
6.930000000000000e+002 -9.557120129951025e-011
6.960000000000000e+002 -5.155873796129972e-010
6.990000000000000e+002 -9.802914982826109e-010
7.020000000000000e+002 -1.446306919101714e-009
7.050000000000000e+002 -1.860389519421976e-009
7.080000000000000e+002 -2.163351392520651e-009
7.110000000000000e+002 -2.295414866752047e-009
7.140000000000000e+002 -2.202679779326631e-009
7.170000000000000e+002 -1.844211998338115e-009
7.200000000000000e+002 -1.199113415673940e-009
7.230000000000000e+002 -2.728246176437439e-010
7.260000000000000e+002 8.981345494444512e-010
7.290000000000000e+002 2.243756228809932e-009
7.320000000000000e+002 3.661129590371431e-009
7.350000000000000e+002 5.018491316788754e-009
7.380000000000000e+002 6.162945626061664e-009
7.410000000000000e+002 6.931730535172884e-009
7.440000000000000e+002 7.166539240754205e-009
7.470000000000000e+002 6.730028643396280e-009
7.500000000000000e+002 5.523298023167067e-009
7.530000000000000e+002 3.502829325689286e-009
7.560000000000000e+002 6.951908244424961e-010
7.590000000000000e+002 -2.792256662353376e-009
7.620000000000000e+002 -6.766321246069554e-009
7.650000000000000e+002 -1.095002230247268e-008
7.680000000000000e+002 -1.499270418053594e-008
7.710000000000000e+002 -1.848863808261461e-008
7.740000000000000e+002 -2.100383513631559e-008
7.770000000000000e+002 -2.211002310386290e-008
7.800000000000000e+002 -2.142395086560972e-008
7.830000000000000e+002 -1.864944138095138e-008
7.860000000000000e+002 -1.361898979613974e-008
7.890000000000000e+002 -6.331259909903694e-009
7.920000000000000e+002 3.019359693710084e-009
7.950000000000000e+002 1.402488054724008e-008
7.980000000000000e+002 2.606083589506848e-008
8.010000000000000e+002 3.830096056231952e-008
8.040000000000000e+002 4.975092477842151e-008
8.070000000000000e+002 5.930128836079327e-008
8.100000000000000e+002 6.579832135839164e-008
8.130000000000000e+002 6.812972459268769e-008
8.160000000000000e+002 6.532069172599149e-008
8.190000000000000e+002 5.663431246545293e-008
8.220000000000000e+002 4.166915313655711e-008
8.250000000000000e+002 2.044608586896335e-008
8.280000000000000e+002 -6.523819485910632e-009
8.310000000000000e+002 -3.819820164985544e-008
8.340000000000000e+002 -7.299602114852681e-008
8.370000000000000e+002 -1.088292091113545e-007
8.400000000000000e+002 -1.431765177749718e-007
8.430000000000000e+002 -1.732000843942763e-007
8.460000000000000e+002 -1.959022138683993e-007
8.490000000000000e+002 -2.083166977190246e-007
8.520000000000000e+002 -2.077258307122520e-007
8.550000000000000e+002 -1.918913794996043e-007
8.580000000000000e+002 -1.592853329584499e-007
8.610000000000000e+002 -1.093045353988924e-007
8.640000000000000e+002 -4.245246415963998e-008
8.670000000000000e+002 3.952839387129280e-008
8.700000000000000e+002 1.335887920457259e-007
8.730000000000000e+002 2.353823566947834e-007
8.760000000000000e+002 3.393617894980067e-007
8.790000000000000e+002 4.389662820092033e-007
8.820000000000000e+002 5.268994664477023e-007
8.850000000000000e+002 5.954913992640354e-007
8.880000000000000e+002 6.371320619699159e-007
8.910000000000000e+002 6.447580217341927e-007
8.940000000000000e+002 6.123686075105006e-007
8.970000000000000e+002 5.355435914265621e-007
9.000000000000000e+002 4.119312763896801e-007
9.030000000000000e+002 2.416743650405265e-007
9.060000000000000e+002 2.774125771215155e-008
9.090000000000000e+002 -2.238673785534044e-007
9.120000000000000e+002 -5.040627725990394e-007
9.150000000000000e+002 -8.007829181353809e-007
9.180000000000000e+002 -1.099290416363580e-006
9.210000000000000e+002 -1.382656479822075e-006
9.240000000000000e+002 -1.632424239819173e-006
9.270000000000000e+002 -1.829433971119760e-006
9.300000000000000e+002 -1.954782386578198e-006
9.330000000000000e+002 -1.990878330855429e-006
9.360000000000000e+002 -1.922548595771341e-006
9.390000000000000e+002 -1.738140740120809e-006
9.420000000000000e+002 -1.430565197202719e-006
9.450000000000000e+002 -9.982170029820283e-007
9.480000000000000e+002 -4.457184366738611e-007
9.510000000000000e+002 2.155721117141507e-007
9.540000000000000e+002 9.673326644995188e-007
9.570000000000000e+002 1.784369235200041e-006
9.600000000000000e+002 2.635051612056374e-006
9.630000000000000e+002 3.482103878825459e-006
9.660000000000000e+002 4.283744077616958e-006
9.690000000000000e+002 4.995150474302646e-006
9.720000000000000e+002 5.570214885615374e-006
9.750000000000000e+002 5.963527273273046e-006
9.780000000000000e+002 6.132521102886716e-006
9.810000000000000e+002 6.039696562035382e-006
9.840000000000000e+002 5.654829323688950e-006
9.870000000000000e+002 4.957066696052731e-006
9.900000000000000e+002 3.936811152844063e-006
9.930000000000000e+002 2.597293660321257e-006
9.960000000000000e+002 9.557459896008793e-007
9.990000000000000e+002 -9.559077711449466e-007
1.002000000000000e+003 -3.090905308261795e-006
1.005000000000000e+003 -5.388092115063348e-006
1.008000000000000e+003 -7.772984490639760e-006
1.011000000000000e+003 -1.015945115135972e-005
1.014000000000000e+003 -1.245199054115265e-005
1.017000000000000e+003 -1.454855614628803e-005
1.020000000000000e+003 -1.634385811178953e-005
1.023000000000000e+003 -1.773304720438458e-005
1.026000000000000e+003 -1.861566761221694e-005
1.029000000000000e+003 -1.889974905613220e-005
1.032000000000000e+003 -1.850589694026981e-005
1.035000000000000e+003 -1.737123236533181e-005
1.038000000000000e+003 -1.545303214706251e-005
1.041000000000000e+003 -1.273192273738642e-005
1.044000000000000e+003 -9.214491115251560e-006
1.047000000000000e+003 -4.935190094621127e-006
1.050000000000000e+003 4.256532488170169e-008
1.053000000000000e+003 5.626190557686779e-006
1.056000000000000e+003 1.169466614033903e-005
1.059000000000000e+003 1.810023830546435e-005
1.062000000000000e+003 2.467107819542109e-005
1.065000000000000e+003 3.121486096930226e-005
1.068000000000000e+003 3.752319507107554e-005
1.071000000000000e+003 4.337680252831777e-005
1.074000000000000e+003 4.855132434487151e-005
1.077000000000000e+003 5.282360174744229e-005
1.080000000000000e+003 5.597826504304668e-005
1.083000000000000e+003 5.781444778585680e-005
1.086000000000000e+003 5.815243532251160e-005
1.089000000000000e+003 5.684005388026344e-005
1.092000000000000e+003 5.375860929666899e-005
1.095000000000000e+003 4.882819317768789e-005
1.098000000000000e+003 4.201218845546083e-005
1.101000000000000e+003 3.332082555665537e-005
1.104000000000000e+003 2.281366409854182e-005
1.107000000000000e+003 1.060090247902962e-005
1.110000000000000e+003 -3.156551908400196e-006
1.113000000000000e+003 -1.824828673276759e-005
1.116000000000000e+003 -3.441686452798658e-005
1.119000000000000e+003 -5.136154619749340e-005
1.122000000000000e+003 -6.874319353372720e-005
1.125000000000000e+003 -8.619025519585238e-005
1.128000000000000e+003 -1.033057123369912e-004
1.131000000000000e+003 -1.196748351802620e-004
1.134000000000000e+003 -1.348735809462105e-004
1.137000000000000e+003 -1.484774471314272e-004
1.140000000000000e+003 -1.600705825993691e-004
1.143000000000000e+003 -1.692549524835024e-004
1.146000000000000e+003 -1.756593515940214e-004
1.149000000000000e+003 -1.789480647939234e-004
1.152000000000000e+003 -1.788289814591975e-004
1.155000000000000e+003 -1.750609843293198e-004
1.158000000000000e+003 -1.674604503493667e-004
1.161000000000000e+003 -1.559067219643662e-004
1.164000000000000e+003 -1.403464311400575e-004
1.167000000000000e+003 -1.207965844873674e-004
1.170000000000000e+003 -9.734634555487748e-005
1.173000000000000e+003 -7.015747891375990e-005
1.176000000000000e+003 -3.946344938043566e-005
1.179000000000000e+003 -5.567197916087295e-006
1.182000000000000e+003 3.116235723112071e-005
1.185000000000000e+003 7.029502031009099e-005
1.188000000000000e+003 1.113451219591902e-004
1.191000000000000e+003 1.537783101244065e-004
1.194000000000000e+003 1.970191937349635e-004
1.197000000000000e+003 2.404596910269135e-004
1.200000000000000e+003 2.834679240842635e-004
1.203000000000000e+003 3.253974944494680e-004
1.206000000000000e+003 3.655969715350852e-004
1.209000000000000e+003 4.034194259605052e-004
1.212000000000000e+003 4.382318436743670e-004
1.215000000000000e+003 4.694242635785744e-004
1.218000000000000e+003 4.964184910486491e-004
1.221000000000000e+003 5.186762519171032e-004
1.224000000000000e+003 5.357066657721231e-004
1.227000000000000e+003 5.470729334324992e-004
1.230000000000000e+003 5.523981507679958e-004
1.233000000000000e+003 5.513701792387876e-004
1.236000000000000e+003 5.437455222024163e-004
1.239000000000000e+003 5.293521747973334e-004
1.242000000000000e+003 5.080914336781849e-004
1.245000000000000e+003 4.799386707053350e-004
1.248000000000000e+003 4.449430915753828e-004
1.251000000000000e+003 4.032265160414522e-004
1.254000000000000e+003 3.549812305949031e-004
1.257000000000000e+003 3.004669770703241e-004
1.260000000000000e+003 2.400071514617911e-004
1.263000000000000e+003 1.739842962038880e-004
1.266000000000000e+003 1.028349762249180e-004
1.269000000000000e+003 2.704413421495200e-005
1.272000000000000e+003 -5.286097620496792e-005
1.275000000000000e+003 -1.363171793093809e-004
1.278000000000000e+003 -2.227319883031135e-004
1.281000000000000e+003 -3.114903407039172e-004
1.284000000000000e+003 -4.019613636089906e-004
1.287000000000000e+003 -4.935050790860123e-004
1.290000000000000e+003 -5.854789657711780e-004
1.293000000000000e+003 -6.772442995528667e-004
1.296000000000000e+003 -7.681722037885442e-004
1.299000000000000e+003 -8.576493476569242e-004
1.302000000000000e+003 -9.450832398096624e-004
1.305000000000000e+003 -1.029907073281270e-003
1.308000000000000e+003 -1.111584086480135e-003
1.311000000000000e+003 -1.189611413866486e-003
1.314000000000000e+003 -1.263523408485088e-003
1.317000000000000e+003 -1.332894426742912e-003
1.320000000000000e+003 -1.397341073595470e-003
1.323000000000000e+003 -1.456523913541994e-003
1.326000000000000e+003 -1.510148659460534e-003
1.329000000000000e+003 -1.557966857275671e-003
1.332000000000000e+003 -1.599776089714361e-003
1.335000000000000e+003 -1.635419726936288e-003
1.338000000000000e+003 -1.664786255621322e-003
1.341000000000000e+003 -1.687808221156314e-003
1.344000000000000e+003 -1.704460819903961e-003
1.347000000000000e+003 -1.714760180184265e-003
1.350000000000000e+003 -1.718761371585508e-003
1.353000000000000e+003 -1.716556182591056e-003
1.356000000000000e+003 -1.708270706309381e-003
1.359000000000000e+003 -1.694062773376218e-003
1.362000000000000e+003 -1.674119269920693e-003
1.365000000000000e+003 -1.648653376906052e-003
1.368000000000000e+003 -1.617901765230944e-003
1.371000000000000e+003 -1.582121778766421e-003
1.374000000000000e+003 -1.541588635067077e-003
1.377000000000000e+003 -1.496592670882838e-003
1.380000000000000e+003 -1.447436656868689e-003
1.383000000000000e+003 -1.394433203089383e-003
1.386000000000000e+003 -1.337902274089224e-003
1.389000000000000e+003 -1.278168829488317e-003
1.392000000000000e+003 -1.215560603308933e-003
1.395000000000000e+003 -1.150406032562779e-003
1.398000000000000e+003 -1.083032343069481e-003
1.401000000000000e+003 -1.013763798050134e-003
1.404000000000000e+003 -9.429201127660259e-004
1.407000000000000e+003 -8.708150363666544e-004
1.410000000000000e+003 -7.977551001812065e-004
1.413000000000000e+003 -7.240385299417498e-004
1.416000000000000e+003 -6.499543178668723e-004
1.419000000000000e+003 -5.757814491616339e-004
1.422000000000000e+003 -5.017882763007659e-004
1.425000000000000e+003 -4.282320334535658e-004
1.428000000000000e+003 -3.553584825715495e-004
1.431000000000000e+003 -2.834016819891307e-004
1.434000000000000e+003 -2.125838678698244e-004
1.437000000000000e+003 -1.431154384585351e-004
1.440000000000000e+003 -7.519503086130453e-005
1.443000000000000e+003 -9.009679955540621e-006
1.446000000000000e+003 5.526495097398138e-005
1.449000000000000e+003 1.174642781894562e-004
1.452000000000000e+003 1.774344541857979e-004
1.455000000000000e+003 2.350319830001614e-004
1.458000000000000e+003 2.901233037253155e-004
1.461000000000000e+003 3.425843514417862e-004
1.464000000000000e+003 3.923001043752453e-004
1.467000000000000e+003 4.391641256420480e-004
1.470000000000000e+003 4.830781074753029e-004
1.473000000000000e+003 5.239514253328951e-004
1.476000000000000e+003 5.617007087831221e-004
1.479000000000000e+003 5.962494355477779e-004
1.482000000000000e+003 6.275275545605150e-004
1.485000000000000e+003 6.554711433726821e-004
1.488000000000000e+003 6.800221047117260e-004
1.491000000000000e+003 7.011279064694285e-004
1.494000000000000e+003 7.187413688700628e-004
1.497000000000000e+003 7.328205020401089e-004
1.500000000000000e+003 7.433283966732342e-004
1.503000000000000e+003 7.502331699527412e-004
1.506000000000000e+003 7.535079683598110e-004
1.509000000000000e+003 7.531310284560472e-004
1.512000000000000e+003 7.490857961817117e-004
1.515000000000000e+003 7.413611046549859e-004
1.518000000000000e+003 7.299514098896713e-004
1.521000000000000e+003 7.148570832679084e-004
1.524000000000000e+003 6.960847590083141e-004
1.527000000000000e+003 6.736477342573817e-004
1.530000000000000e+003 6.475664188016283e-004
1.533000000000000e+003 6.178688307496419e-004
1.536000000000000e+003 5.845911338663745e-004
1.539000000000000e+003 5.477782115586768e-004
1.542000000000000e+003 5.074842718110480e-004
1.545000000000000e+003 4.637734766590298e-004
1.548000000000000e+003 4.167205890661676e-004
1.551000000000000e+003 3.664116293452882e-004
1.554000000000000e+003 3.129445325422593e-004
1.557000000000000e+003 2.564297974873322e-004
1.560000000000000e+003 1.969911175254494e-004
1.563000000000000e+003 1.347659822720539e-004
1.566000000000000e+003 6.990623911754238e-005
1.569000000000000e+003 2.578602633537377e-006
1.572000000000000e+003 -6.703490046738646e-005
1.575000000000000e+003 -1.387365635852849e-004
1.578000000000000e+003 -2.123127227855127e-004
1.581000000000000e+003 -2.875335829388192e-004
1.584000000000000e+003 -3.641531608062555e-004
1.587000000000000e+003 -4.419093583438648e-004
1.590000000000000e+003 -5.205241792508261e-004
1.593000000000000e+003 -5.997041013472024e-004
1.596000000000000e+003 -6.791406167272423e-004
1.599000000000000e+003 -7.585109507760288e-004
1.602000000000000e+003 -8.374789700471906e-004
1.605000000000000e+003 -9.156962876659143e-004
1.608000000000000e+003 -9.928035733357825e-004
1.611000000000000e+003 -1.068432073183664e-003
1.614000000000000e+003 -1.142205342571741e-003
1.617000000000000e+003 -1.213741192642584e-003
1.620000000000000e+003 -1.282653848748028e-003
1.623000000000000e+003 -1.348556316057200e-003
1.626000000000000e+003 -1.411062944562271e-003
1.629000000000000e+003 -1.469792182425366e-003
1.632000000000000e+003 -1.524369503166316e-003
1.635000000000000e+003 -1.574430488617026e-003
1.638000000000000e+003 -1.619624045905310e-003
1.641000000000000e+003 -1.659615733030227e-003
1.644000000000000e+003 -1.694091163908977e-003
1.647000000000000e+003 -1.722759460171280e-003
1.650000000000000e+003 -1.745356713522377e-003
1.653000000000000e+003 -1.761649419257043e-003
1.656000000000000e+003 -1.771437838565217e-003
1.659000000000000e+003 -1.774559244695079e-003
1.662000000000000e+003 -1.770891005919056e-003
1.665000000000000e+003 -1.760353456653835e-003
1.668000000000000e+003 -1.742912507095436e-003
1.671000000000000e+003 -1.718581941421087e-003
1.674000000000000e+003 -1.687425355042722e-003
1.677000000000000e+003 -1.649557682636680e-003
1.680000000000000e+003 -1.605146270771587e-003
1.683000000000000e+003 -1.554411451948245e-003
1.686000000000000e+003 -1.497626580781627e-003
1.689000000000000e+003 -1.435117497906415e-003
1.692000000000000e+003 -1.367261392970498e-003
1.695000000000000e+003 -1.294485044768698e-003
1.698000000000000e+003 -1.217262424128817e-003
1.701000000000000e+003 -1.136111653520557e-003
1.704000000000000e+003 -1.051591326442708e-003
1.707000000000000e+003 -9.642961993423692e-004
1.710000000000000e+003 -8.748522790147912e-004
1.713000000000000e+003 -7.839113389711848e-004
1.716000000000000e+003 -6.921449089867423e-004
1.719000000000000e+003 -6.002377927674152e-004
1.722000000000000e+003 -5.088811792030869e-004
1.725000000000000e+003 -4.187654228059532e-004
1.728000000000000e+003 -3.305725784371688e-004
1.731000000000000e+003 -2.449687840910281e-004
1.734000000000000e+003 -1.625965931017105e-004
1.737000000000000e+003 -8.406736344999396e-005
1.740000000000000e+003 -9.953816662635928e-006
1.743000000000000e+003 5.921711807892594e-005
1.746000000000000e+003 1.229710577474902e-004
1.749000000000000e+003 1.808924010852715e-004
1.752000000000000e+003 2.326299328139739e-004
1.755000000000000e+003 2.779016883504238e-004
1.758000000000000e+003 3.164989783263272e-004
1.761000000000000e+003 3.482894818633031e-004
1.764000000000000e+003 3.732193294212222e-004
1.767000000000000e+003 3.913141100203987e-004
1.770000000000000e+003 4.026787535791693e-004
1.773000000000000e+003 4.074962568063710e-004
1.776000000000000e+003 4.060252402767303e-004
1.779000000000000e+003 3.985963446935548e-004
1.782000000000000e+003 3.856074955424688e-004
1.785000000000000e+003 3.675180869673621e-004
1.788000000000000e+003 3.448421573178531e-004
1.791000000000000e+003 3.181406499619975e-004
1.794000000000000e+003 2.880128731458282e-004
1.797000000000000e+003 2.550872914259554e-004
1.800000000000000e+003 2.200117980102464e-004
1.803000000000000e+003 1.834436317488019e-004
1.806000000000000e+003 1.460391140780918e-004
1.809000000000000e+003 1.084433895388756e-004
1.812000000000000e+003 7.128035821701419e-005
1.815000000000000e+003 3.514298932266566e-005
1.818000000000000e+003 5.842019310199854e-007
1.821000000000000e+003 -3.189150844903539e-005
1.824000000000000e+003 -6.183553033813566e-005
1.827000000000000e+003 -8.886153224098893e-005
1.830000000000000e+003 -1.126506620167814e-004
1.833000000000000e+003 -1.329554406053036e-004
1.836000000000000e+003 -1.496022671919129e-004
1.839000000000000e+003 -1.624924816413055e-004
1.842000000000000e+003 -1.716019607651188e-004
1.845000000000000e+003 -1.769792570149143e-004
1.848000000000000e+003 -1.787423207504208e-004
1.851000000000000e+003 -1.770738795149417e-004
1.854000000000000e+003 -1.722155789243887e-004
1.857000000000000e+003 -1.644610190044296e-004
1.860000000000000e+003 -1.541478462847312e-004
1.863000000000000e+003 -1.416490848995907e-004
1.866000000000000e+003 -1.273639086639899e-004
1.869000000000000e+003 -1.117080699816972e-004
1.872000000000000e+003 -9.510421001060975e-005
1.875000000000000e+003 -7.797227741012100e-005
1.878000000000000e+003 -6.072028002291528e-005
1.881000000000000e+003 -4.373558496492921e-005
1.884000000000000e+003 -2.737696794536148e-005
1.887000000000000e+003 -1.196759252453151e-005
1.890000000000000e+003 2.210925080337214e-006
1.893000000000000e+003 1.492323947400895e-005
1.896000000000000e+003 2.598369467595618e-005
1.899000000000000e+003 3.525838029725496e-005
1.902000000000000e+003 4.266580504036885e-005
1.905000000000000e+003 4.817620507263404e-005
1.908000000000000e+003 5.180954205507721e-005
1.911000000000000e+003 5.363228113379221e-005
1.914000000000000e+003 5.375307193013367e-005
1.917000000000000e+003 5.231748448121858e-005
1.920000000000000e+003 4.950197627450139e-005
1.923000000000000e+003 4.550728522190502e-005
1.926000000000000e+003 4.055145603172262e-005
1.929000000000000e+003 3.486271356383979e-005
1.932000000000000e+003 2.867239619953184e-005
1.935000000000000e+003 2.220815506286222e-005
1.938000000000000e+003 1.568761135036198e-005
1.941000000000000e+003 9.312644543924433e-006
1.944000000000000e+003 3.264459578417072e-006
1.947000000000000e+003 -2.300448015137711e-006
1.950000000000000e+003 -7.253342350218103e-006
1.953000000000000e+003 -1.149526073437517e-005
1.956000000000000e+003 -1.495797398860217e-005
1.959000000000000e+003 -1.760391225233672e-005
1.962000000000000e+003 -1.942510872957395e-005
1.965000000000000e+003 -2.044124488241100e-005
1.968000000000000e+003 -2.069690787284834e-005
1.971000000000000e+003 -2.025819367225263e-005
1.974000000000000e+003 -1.920880646551904e-005
1.977000000000000e+003 -1.764581624867232e-005
1.980000000000000e+003 -1.567524156344435e-005
1.983000000000000e+003 -1.340762308462976e-005
1.986000000000000e+003 -1.095374646803620e-005
1.989000000000000e+003 -8.420659916542995e-006
1.992000000000000e+003 -5.908113973254205e-006
1.995000000000000e+003 -3.505528940604755e-006
1.998000000000000e+003 -1.289570045005146e-006
2.001000000000000e+003 6.776168908054208e-007
2.004000000000000e+003 2.349484776079978e-006
2.007000000000000e+003 3.695483105814857e-006
2.010000000000000e+003 4.700804491865254e-006
2.013000000000000e+003 5.365534215930643e-006
2.016000000000000e+003 5.703277990409015e-006
2.019000000000000e+003 5.739359855430039e-006
2.022000000000000e+003 5.508694235645536e-006
2.025000000000000e+003 5.053443295056017e-006
2.028000000000000e+003 4.420572763551309e-006
2.031000000000000e+003 3.659416489134563e-006
2.034000000000000e+003 2.819352441119056e-006
2.037000000000000e+003 1.947681290062482e-006
2.040000000000000e+003 1.087783728232285e-006
2.043000000000000e+003 2.776152025983800e-007
2.046000000000000e+003 -4.514223687350540e-007
2.049000000000000e+003 -1.075212076655284e-006
2.052000000000000e+003 -1.577256329846603e-006
2.055000000000000e+003 -1.948631879960128e-006
2.058000000000000e+003 -2.187599710680468e-006
2.061000000000000e+003 -2.298917533766974e-006
2.064000000000000e+003 -2.292913061549554e-006
2.067000000000000e+003 -2.184383151235325e-006
2.070000000000000e+003 -1.991387211817562e-006
2.073000000000000e+003 -1.734002972321581e-006
2.076000000000000e+003 -1.433109071627308e-006
2.079000000000000e+003 -1.109252326838772e-006
2.082000000000000e+003 -7.816484965991655e-007
2.085000000000000e+003 -4.673544972531870e-007
2.088000000000000e+003 -1.806380334766989e-007
2.091000000000000e+003 6.744182312489680e-008
2.094000000000000e+003 2.692417513510146e-007
2.097000000000000e+003 4.205389306090878e-007
2.100000000000000e+003 5.203532256019260e-007
2.103000000000000e+003 5.706146093799804e-007
2.106000000000000e+003 5.757094658323325e-007
2.109000000000000e+003 5.419429204550923e-007
2.112000000000000e+003 4.769555058513103e-007
2.115000000000000e+003 3.891313885273674e-007
2.118000000000000e+003 2.870322984878359e-007
2.121000000000000e+003 1.788865472490425e-007
2.124000000000000e+003 7.215649679825016e-008
2.127000000000000e+003 -2.679899210186589e-008
2.130000000000000e+003 -1.129577870367263e-007
2.133000000000000e+003 -1.827611159111563e-007
2.136000000000000e+003 -2.341378878972264e-007
2.139000000000000e+003 -2.664366716092023e-007
2.142000000000000e+003 -2.802798420947709e-007
2.145000000000000e+003 -2.773576309123124e-007
2.148000000000000e+003 -2.601816350013396e-007
2.151000000000000e+003 -2.318177676580552e-007
2.154000000000000e+003 -1.956177720562934e-007
2.157000000000000e+003 -1.549664338403066e-007
2.160000000000000e+003 -1.130587525353727e-007
2.163000000000000e+003 -7.271783583381320e-008
2.166000000000000e+003 -3.626044464584647e-008
2.169000000000000e+003 -5.413227666128568e-009
2.172000000000000e+003 1.872099733022258e-008
2.175000000000000e+003 3.565080914741445e-008
2.178000000000000e+003 4.544413197259874e-008
2.181000000000000e+003 4.864502151101707e-008
2.184000000000000e+003 4.616887706620375e-008
2.187000000000000e+003 3.918602022852163e-008
2.190000000000000e+003 2.900320738009958e-008
2.193000000000000e+003 1.695164368198122e-008
2.196000000000000e+003 4.288575674647725e-009
2.199000000000000e+003 -7.882281722449839e-009
2.202000000000000e+003 -1.866821987174212e-008
2.205000000000000e+003 -2.742164555362974e-008
2.208000000000000e+003 -3.375141516183518e-008
2.211000000000000e+003 -3.751358341255003e-008
2.214000000000000e+003 -3.878500371093812e-008
2.217000000000000e+003 -3.782406446073708e-008
2.220000000000000e+003 -3.502326705386337e-008
2.223000000000000e+003 -3.085836903616417e-008
2.226000000000000e+003 -2.583847084777655e-008
2.229000000000000e+003 -2.046078278562628e-008
2.232000000000000e+003 -1.517295983135175e-008
2.235000000000000e+003 -1.034491836758980e-008
2.238000000000000e+003 -6.251047162080912e-009
2.241000000000000e+003 -3.062775341252799e-009
2.244000000000000e+003 -8.506323306076952e-010
2.247000000000000e+003 4.057190035194264e-010
2.250000000000000e+003 8.014410093170622e-010
2.253000000000000e+003 4.866661220759797e-010
2.256000000000000e+003 -3.549604497720225e-010
2.259000000000000e+003 -1.527296960789468e-009
2.262000000000000e+003 -2.840556379226806e-009
2.265000000000000e+003 -4.126691649260232e-009
2.268000000000000e+003 -5.250494203365536e-009
2.271000000000000e+003 -6.116070038234654e-009
2.274000000000000e+003 -6.668812022661015e-009
2.277000000000000e+003 -6.893365406813418e-009
2.280000000000000e+003 -6.808372193890760e-009
2.283000000000000e+003 -6.458956873808456e-009
2.286000000000000e+003 -5.907983103134236e-009
2.289000000000000e+003 -5.227075553776166e-009
2.292000000000000e+003 -4.488280049781689e-009
2.295000000000000e+003 -3.757048028755749e-009
2.298000000000000e+003 -3.087007888336285e-009
2.301000000000000e+003 -2.516746884314366e-009
2.304000000000000e+003 -2.068603139053710e-009
2.307000000000000e+003 -1.749270398618276e-009
2.310000000000000e+003 -1.551870973246248e-009
2.313000000000000e+003 -1.459056848891676e-009
2.316000000000000e+003 -1.446661460474890e-009
2.319000000000000e+003 -1.487440317873012e-009
2.322000000000000e+003 -1.554496843935559e-009
2.325000000000000e+003 -1.624084189316902e-009
2.328000000000000e+003 -1.677584061766582e-009
2.331000000000000e+003 -1.702581281372914e-009
2.334000000000000e+003 -1.693060993068838e-009
2.337000000000000e+003 -1.648848498536503e-009
2.340000000000000e+003 -1.574475379064544e-009
2.343000000000000e+003 -1.477694154317343e-009
2.346000000000000e+003 -1.367869291913276e-009
2.349000000000000e+003 -1.254454875614269e-009
2.352000000000000e+003 -1.145727353373159e-009
2.355000000000000e+003 -1.047888250494745e-009
2.358000000000000e+003 -9.645911113907366e-010
2.361000000000000e+003 -8.968884086812117e-010
2.364000000000000e+003 -8.435418411549570e-010
2.367000000000000e+003 -8.016033194662660e-010
2.370000000000000e+003 -7.671510140170875e-010
2.373000000000000e+003 -7.360591915596561e-010
2.376000000000000e+003 -7.046924588409866e-010
2.379000000000000e+003 -6.704366510055418e-010
2.382000000000000e+003 -6.320103794478748e-010
2.385000000000000e+003 -5.895375043337003e-010
2.388000000000000e+003 -5.443935921031602e-010
2.391000000000000e+003 -4.988698793531041e-010
2.394000000000000e+003 -4.557193775551357e-010
2.397000000000000e+003 -4.176590508560278e-010
2.400000000000000e+003 -3.869042606152755e-010
2.403000000000000e+003 -3.648001635158383e-010
2.406000000000000e+003 -3.515976054277121e-010
2.409000000000000e+003 -3.463992215769445e-010
2.412000000000000e+003 -3.472755203024628e-010
2.415000000000000e+003 -3.515286882544371e-010
2.418000000000000e+003 -3.560621596580858e-010
2.421000000000000e+003 -3.578025544331901e-010
2.424000000000000e+003 -3.541146539343437e-010
2.427000000000000e+003 -3.431534534274006e-010
2.430000000000000e+003 -3.241083751224356e-010
2.433000000000000e+003 -2.973084903164839e-010
2.436000000000000e+003 -2.641782058931588e-010
2.439000000000000e+003 -2.270514313176815e-010
2.442000000000000e+003 -1.888702626077340e-010
2.445000000000000e+003 -1.528090229330306e-010
2.448000000000000e+003 -1.218717976642829e-010
2.451000000000000e+003 -9.851533020297096e-011
2.454000000000000e+003 -8.434290087935685e-011
2.457000000000000e+003 -7.990774753347572e-011
2.460000000000000e+003 -8.464719948451751e-011
2.463000000000000e+003 -9.695473958958371e-011
2.466000000000000e+003 -1.143787805895964e-010
2.469000000000000e+003 -1.339219558833998e-010
2.472000000000000e+003 -1.524031736029073e-010
2.475000000000000e+003 -1.668379917243387e-010
2.478000000000000e+003 -1.747905199402994e-010
2.481000000000000e+003 -1.746557072616640e-010
2.484000000000000e+003 -1.658390674361277e-010
2.487000000000000e+003 -1.488134669143444e-010
2.490000000000000e+003 -1.250490670384542e-010
2.493000000000000e+003 -9.682577865741177e-011
2.496000000000000e+003 -6.695285493132586e-011
2.499000000000000e+003 -3.843003543440308e-011
2.502000000000000e+003 -1.409119884438314e-011
2.505000000000000e+003 3.727272554449134e-012
2.508000000000000e+003 1.345485594441518e-011
2.511000000000000e+003 1.446145833023723e-011
2.514000000000000e+003 7.119375254023777e-012
2.517000000000000e+003 -7.252889127769297e-012
2.520000000000000e+003 -2.655644598111908e-011
2.523000000000000e+003 -4.816627249004229e-011
2.526000000000000e+003 -6.924283028702273e-011
2.529000000000000e+003 -8.706391736584767e-011
2.532000000000000e+003 -9.933786735788971e-011
2.535000000000000e+003 -1.044619798026926e-010
2.538000000000000e+003 -1.016971430006829e-010
2.541000000000000e+003 -9.123969949349787e-011
2.544000000000000e+003 -7.418432987335662e-011
2.547000000000000e+003 -5.238319976481821e-011
2.550000000000000e+003 -2.822053576521086e-011
2.553000000000000e+003 -4.328799645499785e-012
2.556000000000000e+003 1.671890935528854e-011
2.559000000000000e+003 3.270493512561179e-011
2.562000000000000e+003 4.201742262793403e-011
2.565000000000000e+003 4.382706884600535e-011
2.568000000000000e+003 3.817097421016549e-011
2.571000000000000e+003 2.593588242286351e-011
2.574000000000000e+003 8.743648221157499e-012
2.577000000000000e+003 -1.124555926635493e-011
2.580000000000000e+003 -3.158888504210696e-011
2.583000000000000e+003 -4.984483936189098e-011
2.586000000000000e+003 -6.385273636211791e-011
2.589000000000000e+003 -7.197555003851298e-011
2.592000000000000e+003 -7.327917227341967e-011
2.595000000000000e+003 -6.762842747210422e-011
2.598000000000000e+003 -5.568999556549377e-011
2.601000000000000e+003 -3.884396493189264e-011
2.604000000000000e+003 -1.901505513770346e-011
2.607000000000000e+003 1.555852938792930e-012
2.610000000000000e+003 2.057249671446526e-011
2.613000000000000e+003 3.594648546972106e-011
2.616000000000000e+003 4.603261139795886e-011
2.619000000000000e+003 4.981019678575787e-011
2.622000000000000e+003 4.699015104951484e-011
2.625000000000000e+003 3.803708618647772e-011
2.628000000000000e+003 2.410535629788808e-011
2.631000000000000e+003 6.897224118551753e-012
2.634000000000000e+003 -1.153907254923302e-011
2.637000000000000e+003 -2.904764887932020e-011
2.640000000000000e+003 -4.361177481378163e-011
2.643000000000000e+003 -5.358134291609571e-011
2.646000000000000e+003 -5.785512625970509e-011
2.649000000000000e+003 -5.599769443060437e-011
2.652000000000000e+003 -4.827908845773839e-011
2.655000000000000e+003 -3.563350869527072e-011
2.658000000000000e+003 -1.954339781197790e-011
2.661000000000000e+003 -1.862651197774180e-012
2.664000000000000e+003 1.539946726313449e-011
2.667000000000000e+003 3.030897718229308e-011
2.670000000000000e+003 4.122580586499779e-011
2.673000000000000e+003 4.698580854142730e-011
2.676000000000000e+003 4.702607490570913e-011
2.679000000000000e+003 4.144010720654404e-011
2.682000000000000e+003 3.095773573252323e-011
2.685000000000000e+003 1.685307178388960e-011
2.688000000000000e+003 7.922194186434424e-013
2.691000000000000e+003 -1.536147121951412e-011
2.694000000000000e+003 -2.976148343332857e-011
2.697000000000000e+003 -4.078732888246023e-011
2.700000000000000e+003 -4.722496576147729e-011
2.703000000000000e+003 -4.839855813350736e-011
2.706000000000000e+003 -4.423939047093876e-011
2.709000000000000e+003 -3.528493001938717e-011
2.712000000000000e+003 -2.260920041389670e-011
2.715000000000000e+003 -7.693421389945116e-012
2.718000000000000e+003 7.747632233180705e-012
2.721000000000000e+003 2.196329867291183e-011
2.724000000000000e+003 3.336594873877969e-011
2.727000000000000e+003 4.070832907648894e-011
2.730000000000000e+003 4.322030442079884e-011
2.733000000000000e+003 4.068922122040688e-011
2.736000000000000e+003 3.347626979343416e-011
2.739000000000000e+003 2.246744501707001e-011
2.742000000000000e+003 8.965950134526896e-012
2.745000000000000e+003 -5.461138238373845e-012
2.748000000000000e+003 -1.916399696256600e-011
2.751000000000000e+003 -3.059799129193776e-011
2.754000000000000e+003 -3.849685491729472e-011
2.757000000000000e+003 -4.201237718301420e-011
2.760000000000000e+003 -4.080445265019141e-011
2.763000000000000e+003 -3.507252159736455e-011
2.766000000000000e+003 -2.552555585986410e-011
2.769000000000000e+003 -1.329482501564939e-011
2.772000000000000e+003 2.000587007816239e-013
2.775000000000000e+003 1.341567126481814e-011
2.778000000000000e+003 2.486115936328499e-011
2.781000000000000e+003 3.326617634617539e-011
2.784000000000000e+003 3.772165514337778e-011
2.787000000000000e+003 3.777784407022531e-011
2.790000000000000e+003 3.348870647435831e-011
2.793000000000000e+003 2.539910651988922e-011
2.796000000000000e+003 1.447652599608214e-011
2.799000000000000e+003 1.995873026637487e-012
2.802000000000000e+003 -1.060898164403293e-011
2.805000000000000e+003 -2.190947084133834e-011
2.808000000000000e+003 -3.064400114732131e-011
2.811000000000000e+003 -3.585815640823685e-011
2.814000000000000e+003 -3.700888072004710e-011
2.817000000000000e+003 -3.402019431947788e-011
2.820000000000000e+003 -2.728544810162502e-011
2.823000000000000e+003 -1.761676734305256e-011
2.826000000000000e+003 -6.147359692100320e-012
2.829000000000000e+003 5.800839559645598e-012
2.832000000000000e+003 1.686933155703632e-011
2.835000000000000e+003 2.581717855357390e-011
2.838000000000000e+003 3.165986700938846e-011
2.841000000000000e+003 3.377741272723985e-011
2.844000000000000e+003 3.197950759884675e-011
2.847000000000000e+003 2.652152137185760e-011
2.850000000000000e+003 1.806969672705767e-011
2.853000000000000e+003 7.620358708632089e-012
2.856000000000000e+003 -3.617176527676862e-012
2.859000000000000e+003 -1.436023630204850e-011
2.862000000000000e+003 -2.339889208970944e-011
2.865000000000000e+003 -2.973205284301314e-011
2.868000000000000e+003 -3.267789313317203e-011
2.871000000000000e+003 -3.194691978997822e-011
2.874000000000000e+003 -2.766979094990648e-011
2.877000000000000e+003 -2.037686135940011e-011
2.880000000000000e+003 -1.093306374086206e-011
2.883000000000000e+003 -4.357425432526288e-013
2.886000000000000e+003 9.912721230326503e-012
2.889000000000000e+003 1.894231764125396e-011
2.892000000000000e+003 2.564754975611782e-011
2.895000000000000e+003 2.929902602315333e-011
2.898000000000000e+003 2.952274520672165e-011
2.901000000000000e+003 2.633777494153295e-011
2.904000000000000e+003 2.014912455361544e-011
2.907000000000000e+003 1.169689610448053e-011
2.910000000000000e+003 1.968308690196615e-012
2.913000000000000e+003 -7.917398264376880e-012
2.916000000000000e+003 -1.683736173297223e-011
2.919000000000000e+003 -2.379245465532098e-011
2.922000000000000e+003 -2.801885819858489e-011
2.925000000000000e+003 -2.907172331910479e-011
2.928000000000000e+003 -2.687156600129424e-011
2.931000000000000e+003 -2.170877099328533e-011
2.934000000000000e+003 -1.420589936566453e-011
2.937000000000000e+003 -5.243144162294987e-012
2.940000000000000e+003 4.144788473454393e-012
2.943000000000000e+003 1.288785217103039e-011
2.946000000000000e+003 2.000252639333390e-011
2.949000000000000e+003 2.470217941087053e-011
2.952000000000000e+003 2.648395711916126e-011
2.955000000000000e+003 2.518226015851001e-011
2.958000000000000e+003 2.098353553030873e-011
2.961000000000000e+003 1.440062094020484e-011
2.964000000000000e+003 6.210705769870873e-012
2.967000000000000e+003 -2.636175097380420e-012
2.970000000000000e+003 -1.112699800411050e-011
2.973000000000000e+003 -1.830154661071807e-011
2.976000000000000e+003 -2.336084825227459e-011
2.979000000000000e+003 -2.575572017223056e-011
2.982000000000000e+003 -2.524643268162915e-011
2.985000000000000e+003 -2.192602723664227e-011
2.988000000000000e+003 -1.620582674435313e-011
2.991000000000000e+003 -8.764899504323382e-012
2.994000000000000e+003 -4.697698071715108e-013
2.997000000000000e+003 7.726321669293308e-012
