0.000000000000000e+000 1.050028118902742e-011
3.000000000000000e+000 7.655018852987389e-013
6.000000000000000e+000 -9.152436392485009e-012
9.000000000000000e+000 -1.815724883035663e-011
1.200000000000000e+001 -2.524255832282681e-011
1.500000000000000e+001 -2.960427115690090e-011
1.800000000000000e+001 -3.073164066753648e-011
2.100000000000000e+001 -2.846701059984903e-011
2.400000000000000e+001 -2.302676243895484e-011
2.700000000000000e+001 -1.498133464627923e-011
3.000000000000000e+001 -5.195465597059048e-012
3.300000000000000e+001 5.264377045757340e-012
3.600000000000000e+001 1.524618285410847e-011
3.900000000000000e+001 2.363924907360330e-011
4.200000000000000e+001 2.949750192549535e-011
4.500000000000000e+001 3.214620118832756e-011
4.800000000000000e+001 3.125930166745722e-011
5.100000000000000e+001 2.689938527465671e-011
5.400000000000000e+001 1.951457730338534e-011
5.700000000000000e+001 9.892780790935668e-012
6.000000000000000e+001 -9.220349766403829e-013
6.300000000000000e+001 -1.174306981075377e-011
6.600000000000000e+001 -2.137078536739244e-011
6.900000000000000e+001 -2.872568173708991e-011
7.200000000000000e+001 -3.296934923848418e-011
7.500000000000000e+001 -3.359979866332854e-011
7.800000000000000e+001 -3.051069085198756e-011
8.100000000000000e+001 -2.400701100800831e-011
8.400000000000000e+001 -1.477560365052131e-011
8.700000000000000e+001 -3.812850478118615e-012
9.000000000000000e+001 7.682689892367598e-012
9.300000000000000e+001 1.844115992426141e-011
9.600000000000000e+001 2.726155768186610e-011
9.900000000000000e+001 3.314570950728235e-011
1.020000000000000e+002 3.541102980509120e-011
1.050000000000000e+002 3.376958399613667e-011
1.080000000000000e+002 2.836406275824980e-011
1.110000000000000e+002 1.975633645391681e-011
1.140000000000000e+002 8.869427425150270e-012
1.170000000000000e+002 -3.111258906413469e-012
1.200000000000000e+002 -1.486678259785904e-011
1.230000000000000e+002 -2.508978368438379e-011
1.260000000000000e+002 -3.262968446921131e-011
1.290000000000000e+002 -3.662205842124859e-011
1.320000000000000e+002 -3.658767793191446e-011
1.350000000000000e+002 -3.248941787024222e-011
1.380000000000000e+002 -2.474135988961031e-011
1.410000000000000e+002 -1.416703681316620e-011
1.440000000000000e+002 -1.912419418726312e-012
1.470000000000000e+002 1.067808365666197e-011
1.500000000000000e+002 2.220902589973717e-011
1.530000000000000e+002 3.138826634943545e-011
1.560000000000000e+002 3.717186994102691e-011
1.590000000000000e+002 3.888242377749845e-011
1.620000000000000e+002 3.628828369163099e-011
1.650000000000000e+002 2.963388448784073e-011
1.680000000000000e+002 1.961756719761221e-011
1.710000000000000e+002 7.318601326918157e-012
1.740000000000000e+002 -5.918792552818179e-012
1.770000000000000e+002 -1.863216398869345e-011
1.800000000000000e+002 -2.940220332737341e-011
1.830000000000000e+002 -3.701105833359251e-011
1.860000000000000e+002 -4.057987782410372e-011
1.890000000000000e+002 -3.967013591126580e-011
1.920000000000000e+002 -3.433699319473594e-011
1.950000000000000e+002 -2.512839596170663e-011
1.980000000000000e+002 -1.302919766191485e-011
2.010000000000000e+002 6.437517406284937e-013
2.040000000000000e+002 1.438471183876042e-011
2.070000000000000e+002 2.666463038249329e-011
2.100000000000000e+002 3.610115839970384e-011
2.130000000000000e+002 4.161406811206851e-011
2.160000000000000e+002 4.254865720454148e-011
2.190000000000000e+002 3.875329165422921e-011
2.220000000000000e+002 3.060159520774879e-011
2.250000000000000e+002 1.895637312527227e-011
2.280000000000000e+002 5.078775835776580e-012
2.310000000000000e+002 -9.508012140647755e-012
2.340000000000000e+002 -2.318564855203766e-011
2.370000000000000e+002 -3.441998073159177e-011
2.400000000000000e+002 -4.193300200751066e-011
2.430000000000000e+002 -4.484793025148011e-011
2.460000000000000e+002 -4.279143055172327e-011
2.490000000000000e+002 -3.594048280376386e-011
2.520000000000000e+002 -2.500884315202985e-011
2.550000000000000e+002 -1.117298335450747e-011
2.580000000000000e+002 4.053959947927770e-012
2.610000000000000e+002 1.898741849719980e-011
2.640000000000000e+002 3.195746348447540e-011
2.670000000000000e+002 4.149535315880396e-011
2.700000000000000e+002 4.649972391047642e-011
2.730000000000000e+002 4.636341706163279e-011
2.760000000000000e+002 4.104685991858112e-011
2.790000000000000e+002 3.108860611981116e-011
2.820000000000000e+002 1.755160962319299e-011
2.850000000000000e+002 1.910204869141960e-012
2.880000000000000e+002 -1.411001759655891e-011
2.910000000000000e+002 -2.872230641071549e-011
2.940000000000000e+002 -4.027774586153475e-011
2.970000000000000e+002 -4.745113928145653e-011
3.000000000000000e+002 -4.939285360075945e-011
3.030000000000000e+002 -4.582903532772254e-011
3.060000000000000e+002 -3.709886554950608e-011
3.090000000000000e+002 -2.412321339346910e-011
3.120000000000000e+002 -8.308437861569053e-012
3.150000000000000e+002 8.605728869609555e-012
3.180000000000000e+002 2.473720474701662e-011
3.210000000000000e+002 3.827048323442774e-011
3.240000000000000e+002 4.766108822901272e-011
3.270000000000000e+002 5.181128941008150e-011
3.300000000000000e+002 5.019840145247444e-011
3.330000000000000e+002 4.293992499863269e-011
3.360000000000000e+002 3.078768290895054e-011
3.390000000000000e+002 1.505072088935706e-011
3.420000000000000e+002 -2.545004217563448e-012
3.450000000000000e+002 -2.004549630778320e-011
3.480000000000000e+002 -3.548534293076099e-011
3.510000000000000e+002 -4.710824361719609e-011
3.540000000000000e+002 -5.356653452988586e-011
3.570000000000000e+002 -5.407734070281379e-011
3.600000000000000e+002 -4.851712358615878e-011
3.630000000000000e+002 -3.744322725088279e-011
3.660000000000000e+002 -2.203918491021810e-011
3.690000000000000e+002 -3.988916275142858e-012
3.720000000000000e+002 1.470660844137527e-011
3.750000000000000e+002 3.195089945335775e-011
3.780000000000000e+002 4.578678775238901e-011
3.810000000000000e+002 5.461833339990187e-011
3.840000000000000e+002 5.739474720341178e-011
3.870000000000000e+002 5.373540890284072e-011
3.900000000000000e+002 4.398062717399538e-011
3.930000000000000e+002 2.916171023261526e-011
3.960000000000000e+002 1.089310444279594e-011
3.990000000000000e+002 -8.802944536421349e-012
4.020000000000000e+002 -2.771973469223972e-011
4.050000000000000e+002 -4.371302318933094e-011
4.080000000000000e+002 -5.494391573582934e-011
4.110000000000000e+002 -6.009037171322507e-011
4.140000000000000e+002 -5.850283099103406e-011
4.170000000000000e+002 -5.028558326258234e-011
4.200000000000000e+002 -3.629415948587111e-011
4.230000000000000e+002 -1.804736815177411e-011
4.260000000000000e+002 2.436716989925641e-012
4.290000000000000e+002 2.286338567245363e-011
4.320000000000000e+002 4.091812104741361e-011
4.350000000000000e+002 5.452881328917157e-011
4.380000000000000e+002 6.210368343214253e-011
4.410000000000000e+002 6.271775859559853e-011
4.440000000000000e+002 5.622582620112401e-011
4.470000000000000e+002 4.328798197416107e-011
4.500000000000000e+002 2.530442185921092e-011
4.530000000000000e+002 4.264497633695469e-012
4.560000000000000e+002 -1.747262634395882e-011
4.590000000000000e+002 -3.744238555394354e-011
4.620000000000000e+002 -5.335452725202806e-011
4.650000000000000e+002 -6.335621953970443e-011
4.680000000000000e+002 -6.624844022824282e-011
4.710000000000000e+002 -6.163032942789146e-011
4.740000000000000e+002 -4.995394680761971e-011
4.770000000000000e+002 -3.248199999291334e-011
4.800000000000000e+002 -1.115214581915334e-011
4.830000000000000e+002 1.163739341818038e-011
4.860000000000000e+002 3.329789600170104e-011
4.890000000000000e+002 5.134509348063078e-011
4.920000000000000e+002 6.368521696986328e-011
4.950000000000000e+002 6.885965395010797e-011
4.980000000000000e+002 6.621875071642759e-011
5.010000000000000e+002 5.600423851597882e-011
5.040000000000000e+002 3.932964074069929e-011
5.070000000000000e+002 1.805951298392366e-011
5.100000000000000e+002 -5.399443707275516e-012
5.130000000000000e+002 -2.837223077476902e-011
5.160000000000000e+002 -4.822302440207965e-011
5.190000000000000e+002 -6.266088888788021e-011
5.220000000000000e+002 -7.000787611910065e-011
5.250000000000000e+002 -6.939769892531836e-011
5.280000000000000e+002 -6.088054866795347e-011
5.310000000000000e+002 -4.542179551009545e-011
5.340000000000000e+002 -2.479233108197021e-011
5.370000000000000e+002 -1.363613379509471e-012
5.400000000000000e+002 2.216937859037336e-011
5.430000000000000e+002 4.310483316096164e-011
5.460000000000000e+002 5.905284349236619e-011
5.490000000000000e+002 6.821741627004524e-011
5.520000000000000e+002 6.960791735130937e-011
5.550000000000000e+002 6.315312006374754e-011
5.580000000000000e+002 4.970391403708574e-011
5.610000000000000e+002 3.092305664852755e-011
5.640000000000000e+002 9.075507400637363e-012
5.670000000000000e+002 -1.325532552475778e-011
5.700000000000000e+002 -3.348978697516528e-011
5.730000000000000e+002 -4.937173354887975e-011
5.760000000000000e+002 -5.924480955489147e-011
5.790000000000000e+002 -6.224867811986586e-011
5.820000000000000e+002 -5.840882657779382e-011
5.850000000000000e+002 -4.860703450616585e-011
5.880000000000000e+002 -3.443554656597388e-011
5.910000000000000e+002 -1.795293406040361e-011
5.940000000000000e+002 -1.375601014504013e-012
5.970000000000000e+002 1.325299478128225e-011
6.000000000000000e+002 2.436696227242751e-011
6.030000000000000e+002 3.111037211980363e-011
6.060000000000000e+002 3.345919361537629e-011
6.090000000000000e+002 3.220854309234813e-011
6.120000000000000e+002 2.881946006591239e-011
6.150000000000000e+002 2.514007209471392e-011
6.180000000000000e+002 2.303653783948653e-011
6.210000000000000e+002 2.398544238379200e-011
6.240000000000000e+002 2.869138380157149e-011
6.270000000000000e+002 3.679621013932997e-011
6.300000000000000e+002 4.674052752042365e-011
6.330000000000000e+002 5.582298081406576e-011
6.360000000000000e+002 6.047827021561774e-011
6.390000000000000e+002 5.676642735446141e-011
6.420000000000000e+002 4.103192912938218e-011
6.450000000000000e+002 1.066031178464521e-011
6.480000000000000e+002 -3.516605523234211e-011
6.510000000000000e+002 -9.482772498803146e-011
6.540000000000000e+002 -1.638614926626533e-010
6.570000000000000e+002 -2.348930203574107e-010
6.600000000000000e+002 -2.979862645044375e-010
6.630000000000000e+002 -3.414448340366612e-010
6.660000000000000e+002 -3.530458634027283e-010
6.690000000000000e+002 -3.216266011392110e-010
6.720000000000000e+002 -2.388836160260190e-010
6.750000000000000e+002 -1.011921479557839e-010
6.780000000000000e+002 8.878495189132104e-011
6.810000000000000e+002 3.209445333309641e-010
6.840000000000000e+002 5.772810961593321e-010
6.870000000000000e+002 8.323088286170276e-010
6.900000000000000e+002 1.054489979951981e-009
6.930000000000000e+002 1.208695318591429e-009
6.960000000000000e+002 1.259605903980087e-009
6.990000000000000e+002 1.175842136035508e-009
7.020000000000000e+002 9.344829882857147e-010
7.050000000000000e+002 5.255370266316858e-010
7.080000000000000e+002 -4.414680529969667e-011
7.110000000000000e+002 -7.480679070311516e-010
7.140000000000000e+002 -1.538875828204313e-009
7.170000000000000e+002 -2.349214355885952e-009
7.200000000000000e+002 -3.094893512305212e-009
7.230000000000000e+002 -3.680478087421371e-009
7.260000000000000e+002 -4.007144611988543e-009
7.290000000000000e+002 -3.982399773016615e-009
7.320000000000000e+002 -3.530992273650829e-009
7.350000000000000e+002 -2.606120220212447e-009
7.380000000000000e+002 -1.199853660214831e-009
7.410000000000000e+002 6.484063516259771e-010
7.440000000000000e+002 2.846613732366877e-009
7.470000000000000e+002 5.248975854972338e-009
7.500000000000000e+002 7.659899589924201e-009
7.530000000000000e+002 9.843472324144955e-009
7.560000000000000e+002 1.153851927639504e-008
7.590000000000000e+002 1.247876208194990e-008
7.620000000000000e+002 1.241705431980929e-008
7.650000000000000e+002 1.115213125015819e-008
7.680000000000000e+002 8.555838885484465e-009
7.710000000000000e+002 4.598445537716283e-009
7.740000000000000e+002 -6.305583873448659e-010
7.770000000000000e+002 -6.908765139187522e-009
7.800000000000000e+002 -1.387662166322273e-008
7.830000000000000e+002 -2.104456414320622e-008
7.860000000000000e+002 -2.781271424770477e-008
7.890000000000000e+002 -3.350343859026522e-008
7.920000000000000e+002 -3.740602780430279e-008
7.950000000000000e+002 -3.883162110211513e-008
7.980000000000000e+002 -3.717537648885897e-008
8.010000000000000e+002 -3.198185044364146e-008
8.040000000000000e+002 -2.300870846144047e-008
8.070000000000000e+002 -1.028332419000457e-008
8.100000000000000e+002 5.853376271910082e-009
8.130000000000000e+002 2.472124769719454e-008
8.160000000000000e+002 4.529818382687823e-008
8.190000000000000e+002 6.624391304362274e-008
8.220000000000000e+002 8.595238632475291e-008
8.250000000000000e+002 1.026328971973187e-007
8.280000000000000e+002 1.144179073615044e-007
8.310000000000000e+002 1.194932665549794e-007
8.340000000000000e+002 1.162442696128685e-007
8.370000000000000e+002 1.034089546987926e-007
8.400000000000000e+002 8.022839267497658e-008
8.430000000000000e+002 4.658260364581022e-008
8.460000000000000e+002 3.100310946058267e-009
8.490000000000000e+002 -4.876889751731137e-008
8.520000000000000e+002 -1.067302192592484e-007
8.550000000000000e+002 -1.676752535832750e-007
8.580000000000000e+002 -2.277748737122887e-007
8.610000000000000e+002 -2.826350905567959e-007
8.640000000000000e+002 -3.275135749893980e-007
8.670000000000000e+002 -3.575901406609207e-007
8.700000000000000e+002 -3.682800949009257e-007
8.730000000000000e+002 -3.555752235188111e-007
8.760000000000000e+002 -3.163935899385356e-007
8.790000000000000e+002 -2.489165797964112e-007
8.820000000000000e+002 -1.528899722397675e-007
8.850000000000000e+002 -2.986547201829570e-008
8.880000000000000e+002 1.166397602472237e-007
8.910000000000000e+002 2.810854288761280e-007
8.940000000000000e+002 4.559680232016187e-007
8.970000000000000e+002 6.320086177528931e-007
9.000000000000000e+002 7.984722126280733e-007
9.030000000000000e+002 9.436147963179339e-007
9.060000000000000e+002 1.055246357587243e-006
9.090000000000000e+002 1.121390061110607e-006
9.120000000000000e+002 1.131010207825160e-006
9.150000000000000e+002 1.074774888485659e-006
9.180000000000000e+002 9.458138739186015e-007
9.210000000000000e+002 7.404286692084293e-007
9.240000000000000e+002 4.587101382452377e-007
9.270000000000000e+002 1.050199154752960e-007
9.300000000000000e+002 -3.117048994476550e-007
9.330000000000000e+002 -7.778585266620802e-007
9.360000000000000e+002 -1.275311456549412e-006
9.390000000000000e+002 -1.781810110732719e-006
9.420000000000000e+002 -2.271635945008698e-006
9.450000000000000e+002 -2.716515749341210e-006
9.480000000000000e+002 -3.086761351054271e-006
9.510000000000000e+002 -3.352603471083090e-006
9.540000000000000e+002 -3.485671804826139e-006
9.570000000000000e+002 -3.460562186321752e-006
9.600000000000000e+002 -3.256422599599398e-006
9.630000000000000e+002 -2.858483391680694e-006
9.660000000000000e+002 -2.259453794336038e-006
9.690000000000000e+002 -1.460707112321672e-006
9.720000000000000e+002 -4.731808641334657e-007
9.750000000000000e+002 6.820742119761197e-007
9.780000000000000e+002 1.973751213643052e-006
9.810000000000000e+002 3.360590756488350e-006
9.840000000000000e+002 4.792154779272798e-006
9.870000000000000e+002 6.210074837094595e-006
9.900000000000000e+002 7.549758809636512e-006
9.930000000000000e+002 8.742519057520791e-006
9.960000000000000e+002 9.718064602301806e-006
9.990000000000000e+002 1.040728079874416e-005
1.002000000000000e+003 1.074520308553811e-005
1.005000000000000e+003 1.067407755976492e-005
1.008000000000000e+003 1.014639101673052e-005
1.011000000000000e+003 9.127747307065724e-006
1.014000000000000e+003 7.599465776032239e-006
1.017000000000000e+003 5.560781388525969e-006
1.020000000000000e+003 3.030534917505183e-006
1.023000000000000e+003 4.825510049397564e-008
1.026000000000000e+003 -3.325447433025100e-006
1.029000000000000e+003 -7.009232960379186e-006
1.032000000000000e+003 -1.090216590909722e-005
1.035000000000000e+003 -1.488563527286175e-005
1.038000000000000e+003 -1.882604068627263e-005
1.041000000000000e+003 -2.257819418270394e-005
1.044000000000000e+003 -2.598936002578201e-005
1.047000000000000e+003 -2.890382923547764e-005
1.050000000000000e+003 -3.116790250367472e-005
1.053000000000000e+003 -3.263513598943793e-005
1.056000000000000e+003 -3.317168976318756e-005
1.059000000000000e+003 -3.266160902237084e-005
1.062000000000000e+003 -3.101186405590027e-005
1.065000000000000e+003 -2.815697651150802e-005
1.068000000000000e+003 -2.406306684873549e-005
1.071000000000000e+003 -1.873117076053387e-005
1.074000000000000e+003 -1.219969045319483e-005
1.077000000000000e+003 -4.545869434879328e-006
1.080000000000000e+003 4.113793825771199e-006
1.083000000000000e+003 1.362424818837054e-005
1.086000000000000e+003 2.379373090140179e-005
1.089000000000000e+003 3.439673710282900e-005
1.092000000000000e+003 4.517807414883107e-005
1.095000000000000e+003 5.585792479087989e-005
1.098000000000000e+003 6.613781276613858e-005
1.101000000000000e+003 7.570733675151434e-005
1.104000000000000e+003 8.425151468750453e-005
1.107000000000000e+003 9.145856090745760e-005
1.110000000000000e+003 9.702790387494058e-005
1.113000000000000e+003 1.006782430346058e-004
1.116000000000000e+003 1.021554395516507e-004
1.119000000000000e+003 1.012400376195419e-004
1.122000000000000e+003 9.775422043989250e-005
1.125000000000000e+003 9.156801765859571e-005
1.128000000000000e+003 8.260459856260894e-005
1.131000000000000e+003 7.084450715084634e-005
1.134000000000000e+003 5.632872063795084e-005
1.137000000000000e+003 3.916044128012224e-005
1.140000000000000e+003 1.950556182610710e-005
1.143000000000000e+003 -2.408223456001571e-006
1.146000000000000e+003 -2.629365819639015e-005
1.149000000000000e+003 -5.180747823682628e-005
1.152000000000000e+003 -7.855521498673933e-005
1.155000000000000e+003 -1.060971536734176e-004
1.158000000000000e+003 -1.339553267181740e-004
1.161000000000000e+003 -1.616214001016774e-004
1.164000000000000e+003 -1.885652919327001e-004
1.167000000000000e+003 -2.142443478640562e-004
1.170000000000000e+003 -2.381128877424928e-004
1.173000000000000e+003 -2.596319320585918e-004
1.176000000000000e+003 -2.782789153811765e-004
1.179000000000000e+003 -2.935571969035797e-004
1.182000000000000e+003 -3.050051852951811e-004
1.185000000000000e+003 -3.122049059235065e-004
1.188000000000000e+003 -3.147898528152437e-004
1.191000000000000e+003 -3.124519849988447e-004
1.194000000000000e+003 -3.049477466216211e-004
1.197000000000000e+003 -2.921030119134269e-004
1.200000000000000e+003 -2.738168791246398e-004
1.203000000000000e+003 -2.500642614293052e-004
1.206000000000000e+003 -2.208972468996257e-004
1.209000000000000e+003 -1.864452234936103e-004
1.212000000000000e+003 -1.469137880502589e-004
1.215000000000000e+003 -1.025824801044842e-004
1.218000000000000e+003 -5.380140150925853e-005
1.221000000000000e+003 -9.868010442303218e-007
1.224000000000000e+003 5.538428088600857e-005
1.227000000000000e+003 1.147801989177720e-004
1.230000000000000e+003 1.766216014001778e-004
1.233000000000000e+003 2.402889136161771e-004
1.236000000000000e+003 3.051302727300143e-004
1.239000000000000e+003 3.704697789653795e-004
1.242000000000000e+003 4.356159274445072e-004
1.245000000000000e+003 4.998700874986736e-004
1.248000000000000e+003 5.625349009137164e-004
1.251000000000000e+003 6.229224772746052e-004
1.254000000000000e+003 6.803622730810020e-004
1.257000000000000e+003 7.342085513461143e-004
1.260000000000000e+003 7.838473296884235e-004
1.263000000000000e+003 8.287027371926859e-004
1.266000000000000e+003 8.682427132642155e-004
1.269000000000000e+003 9.019839950534216e-004
1.272000000000000e+003 9.294963535147844e-004
1.275000000000000e+003 9.504060515343596e-004
1.278000000000000e+003 9.643985105850020e-004
1.281000000000000e+003 9.712201848340869e-004
1.284000000000000e+003 9.706796533597902e-004
1.287000000000000e+003 9.626479519666842e-004
1.290000000000000e+003 9.470581759105009e-004
1.293000000000000e+003 9.239043935384880e-004
1.296000000000000e+003 8.932399183655939e-004
1.299000000000000e+003 8.551749933863197e-004
1.302000000000000e+003 8.098739464575225e-004
1.305000000000000e+003 7.575518793817388e-004
1.308000000000000e+003 6.984709559052357e-004
1.311000000000000e+003 6.329363552686970e-004
1.314000000000000e+003 5.612919582750332e-004
1.317000000000000e+003 4.839158321508808e-004
1.320000000000000e+003 4.012155788638890e-004
1.323000000000000e+003 3.136236091180882e-004
1.326000000000000e+003 2.215924010903547e-004
1.329000000000000e+003 1.255897991979941e-004
1.332000000000000e+003 2.609440391377894e-005
1.335000000000000e+003 -7.640890102446654e-005
1.338000000000000e+003 -1.814332426203200e-004
1.341000000000000e+003 -2.884938375989692e-004
1.344000000000000e+003 -3.971118253603204e-004
1.347000000000000e+003 -5.068178291533418e-004
1.350000000000000e+003 -6.171552248975491e-004
1.353000000000000e+003 -7.276831021125336e-004
1.356000000000000e+003 -8.379789062478868e-004
1.359000000000000e+003 -9.476407562796499e-004
1.362000000000000e+003 -1.056289435712743e-003
1.365000000000000e+003 -1.163570059065654e-003
1.368000000000000e+003 -1.269153419488129e-003
1.371000000000000e+003 -1.372737026354472e-003
1.374000000000000e+003 -1.474045844476180e-003
1.377000000000000e+003 -1.572832748979634e-003
1.380000000000000e+003 -1.668878711904273e-003
1.383000000000000e+003 -1.761992738200144e-003
1.386000000000000e+003 -1.852011570053123e-003
1.389000000000000e+003 -1.938799179362927e-003
1.392000000000000e+003 -2.022246068761326e-003
1.395000000000000e+003 -2.102268401812223e-003
1.398000000000000e+003 -2.178806983009114e-003
1.401000000000000e+003 -2.251826107905758e-003
1.404000000000000e+003 -2.321312303213305e-003
1.407000000000000e+003 -2.387272976003183e-003
1.410000000000000e+003 -2.449734990296263e-003
1.413000000000000e+003 -2.508743188327103e-003
1.416000000000000e+003 -2.564358872674622e-003
1.419000000000000e+003 -2.616658264273028e-003
1.422000000000000e+003 -2.665730950082536e-003
1.425000000000000e+003 -2.711678332937928e-003
1.428000000000000e+003 -2.754612094810155e-003
1.431000000000000e+003 -2.794652683450957e-003
1.434000000000000e+003 -2.831927831135973e-003
1.437000000000000e+003 -2.866571113013034e-003
1.440000000000000e+003 -2.898720551397279e-003
1.443000000000000e+003 -2.928517271248616e-003
1.446000000000000e+003 -2.956104211031902e-003
1.449000000000000e+003 -2.981624892197392e-003
1.452000000000000e+003 -3.005222249635640e-003
1.455000000000000e+003 -3.027037524668009e-003
1.458000000000000e+003 -3.047209221422454e-003
1.461000000000000e+003 -3.065872126827717e-003
1.464000000000000e+003 -3.083156393931640e-003
1.467000000000000e+003 -3.099186687812100e-003
1.470000000000000e+003 -3.114081393001965e-003
1.473000000000000e+003 -3.127951881088030e-003
1.476000000000000e+003 -3.140901836966777e-003
1.479000000000000e+003 -3.153026642140267e-003
1.482000000000000e+003 -3.164412813411311e-003
1.485000000000000e+003 -3.175137495379427e-003
1.488000000000000e+003 -3.185268005246165e-003
1.491000000000000e+003 -3.194861428595870e-003
1.494000000000000e+003 -3.203964265030912e-003
1.497000000000000e+003 -3.212612122787682e-003
1.500000000000000e+003 -3.220829461747911e-003
1.503000000000000e+003 -3.228629384571205e-003
1.506000000000000e+003 -3.236013476010497e-003
1.509000000000000e+003 -3.242971690820269e-003
1.512000000000000e+003 -3.249482291025115e-003
1.515000000000000e+003 -3.255511833673771e-003
1.518000000000000e+003 -3.261015210558951e-003
1.521000000000000e+003 -3.265935741723055e-003
1.524000000000000e+003 -3.270205324896015e-003
1.527000000000000e+003 -3.273744643307619e-003
1.530000000000000e+003 -3.276463434583076e-003
1.533000000000000e+003 -3.278260823654170e-003
1.536000000000000e+003 -3.279025722794057e-003
1.539000000000000e+003 -3.278637302002876e-003
1.542000000000000e+003 -3.276965533021628e-003
1.545000000000000e+003 -3.273871810231567e-003
1.548000000000000e+003 -3.269209651591071e-003
1.551000000000000e+003 -3.262825482564294e-003
1.554000000000000e+003 -3.254559505704269e-003
1.557000000000000e+003 -3.244246658150731e-003
1.560000000000000e+003 -3.231717658794459e-003
1.563000000000000e+003 -3.216800146231956e-003
1.566000000000000e+003 -3.199319907890221e-003
1.569000000000000e+003 -3.179102199835683e-003
1.572000000000000e+003 -3.155973155793134e-003
1.575000000000000e+003 -3.129761282797623e-003
1.578000000000000e+003 -3.100299039679273e-003
1.581000000000000e+003 -3.067424493251181e-003
1.584000000000000e+003 -3.030983045637880e-003
1.587000000000000e+003 -2.990829224657895e-003
1.590000000000000e+003 -2.946828527569604e-003
1.593000000000000e+003 -2.898859306823227e-003
1.596000000000000e+003 -2.846814684747040e-003
1.599000000000000e+003 -2.790604482358446e-003
1.602000000000000e+003 -2.730157145748668e-003
1.605000000000000e+003 -2.665421651774916e-003
1.608000000000000e+003 -2.596369373133383e-003
1.611000000000000e+003 -2.522995881313041e-003
1.614000000000000e+003 -2.445322664477983e-003
1.617000000000000e+003 -2.363398736036538e-003
1.620000000000000e+003 -2.277302108563211e-003
1.623000000000000e+003 -2.187141106888329e-003
1.626000000000000e+003 -2.093055493600696e-003
1.629000000000000e+003 -1.995217379963558e-003
1.632000000000000e+003 -1.893831895360391e-003
1.635000000000000e+003 -1.789137588907896e-003
1.638000000000000e+003 -1.681406537829891e-003
1.641000000000000e+003 -1.570944138610298e-003
1.644000000000000e+003 -1.458088558863907e-003
1.647000000000000e+003 -1.343209830294401e-003
1.650000000000000e+003 -1.226708566067763e-003
1.653000000000000e+003 -1.109014289414263e-003
1.656000000000000e+003 -9.905833642815524e-004
1.659000000000000e+003 -8.718965233741235e-004
1.662000000000000e+003 -7.534559939085569e-004
1.665000000000000e+003 -6.357822268465320e-004
1.668000000000000e+003 -5.194102411895216e-004
1.671000000000000e+003 -4.048856010694610e-004
1.674000000000000e+003 -2.927600497709813e-004
1.677000000000000e+003 -1.835868313895551e-004
1.680000000000000e+003 -7.791573746787193e-005
1.683000000000000e+003 2.371207744831985e-005
1.686000000000000e+003 1.207694609494728e-004
1.689000000000000e+003 2.127487520473908e-004
1.692000000000000e+003 2.991673323049416e-004
1.695000000000000e+003 3.795731713028817e-004
1.698000000000000e+003 4.535502944150997e-004
1.701000000000000e+003 5.207240971620915e-004
1.704000000000000e+003 5.807664276657468e-004
1.707000000000000e+003 6.334003570610620e-004
1.710000000000000e+003 6.784045572513453e-004
1.713000000000000e+003 7.156172062234877e-004
1.716000000000000e+003 7.449393433583392e-004
1.719000000000000e+003 7.663376008443157e-004
1.722000000000000e+003 7.798462424705089e-004
1.725000000000000e+003 7.855684477639578e-004
1.728000000000000e+003 7.836767876216214e-004
1.731000000000000e+003 7.744128472403717e-004
1.734000000000000e+003 7.580859631817261e-004
1.737000000000000e+003 7.350710537200375e-004
1.740000000000000e+003 7.058055350654435e-004
1.743000000000000e+003 6.707853304483286e-004
1.746000000000000e+003 6.305599941893102e-004
1.749000000000000e+003 5.857269885162274e-004
1.752000000000000e+003 5.369251667525662e-004
1.755000000000000e+003 4.848275322998982e-004
1.758000000000000e+003 4.301333582496844e-004
1.761000000000000e+003 3.735597671603583e-004
1.764000000000000e+003 3.158328841825619e-004
1.767000000000000e+003 2.576786889728310e-004
1.770000000000000e+003 1.998137023641764e-004
1.773000000000000e+003 1.429356522493079e-004
1.776000000000000e+003 8.771426927440477e-005
1.779000000000000e+003 3.478236648088583e-005
1.782000000000000e+003 -1.527264226087768e-005
1.785000000000000e+003 -6.191663248041141e-005
1.788000000000000e+003 -1.046759208779642e-004
1.791000000000000e+003 -1.431435401236053e-004
1.794000000000000e+003 -1.769845099452341e-004
1.797000000000000e+003 -2.059399926208684e-004
1.800000000000000e+003 -2.298302387588590e-004
1.803000000000000e+003 -2.485562496877168e-004
1.806000000000000e+003 -2.621001055607099e-004
1.809000000000000e+003 -2.705239330128658e-004
1.812000000000000e+003 -2.739675124183591e-004
1.815000000000000e+003 -2.726445519547355e-004
1.818000000000000e+003 -2.668376832032875e-004
1.821000000000000e+003 -2.568922602732822e-004
1.824000000000000e+003 -2.432090707852503e-004
1.827000000000000e+003 -2.262360918188080e-004
1.830000000000000e+003 -2.064594464667390e-004
1.833000000000000e+003 -1.843937363113700e-004
1.836000000000000e+003 -1.605719413605165e-004
1.839000000000000e+003 -1.355350912234279e-004
1.842000000000000e+003 -1.098219191275725e-004
1.845000000000000e+003 -8.395871342495474e-005
1.848000000000000e+003 -5.844957927672004e-005
1.851000000000000e+003 -3.376731612353659e-005
1.854000000000000e+003 -1.034510436961472e-005
1.857000000000000e+003 1.143082240974409e-005
1.860000000000000e+003 3.122736517843116e-005
1.863000000000000e+003 4.876947845407421e-005
1.866000000000000e+003 6.384372157352518e-005
1.869000000000000e+003 7.630037563752559e-005
1.872000000000000e+003 8.605409416096604e-005
1.875000000000000e+003 9.308309128140448e-005
1.878000000000000e+003 9.742690748019014e-005
1.881000000000000e+003 9.918282815905190e-005
1.884000000000000e+003 9.850106409208916e-005
1.887000000000000e+003 9.557883376548155e-005
1.890000000000000e+003 9.065351500633222e-005
1.893000000000000e+003 8.399505624448201e-005
1.896000000000000e+003 7.589785553706495e-005
1.899000000000000e+003 6.667232751735472e-005
1.902000000000000e+003 5.663638430349744e-005
1.905000000000000e+003 4.610705587156282e-005
1.908000000000000e+003 3.539246842400879e-005
1.911000000000000e+003 2.478438602928114e-005
1.914000000000000e+003 1.455150163089626e-005
1.917000000000000e+003 4.933638983223919e-006
1.920000000000000e+003 -3.863002096156804e-006
1.923000000000000e+003 -1.166945766378676e-005
1.926000000000000e+003 -1.835640487704826e-005
1.929000000000000e+003 -2.383533376999359e-005
1.932000000000000e+003 -2.805849637097759e-005
1.935000000000000e+003 -3.101768064478009e-005
1.938000000000000e+003 -3.274189139256164e-005
1.941000000000000e+003 -3.329405172445117e-005
1.944000000000000e+003 -3.276686599995220e-005
1.947000000000000e+003 -3.127800733158333e-005
1.950000000000000e+003 -2.896480915411474e-005
1.953000000000000e+003 -2.597865047853241e-005
1.956000000000000e+003 -2.247922799254406e-005
1.959000000000000e+003 -1.862890510414187e-005
1.962000000000000e+003 -1.458731854554020e-005
1.965000000000000e+003 -1.050640769975412e-005
1.968000000000000e+003 -6.526011029815913e-006
1.971000000000000e+003 -2.770148728248799e-006
1.974000000000000e+003 6.559180322021564e-007
1.977000000000000e+003 3.667791949187867e-006
1.980000000000000e+003 6.203181469976610e-006
1.983000000000000e+003 8.222284759066216e-006
1.986000000000000e+003 9.707351640365294e-006
1.989000000000000e+003 1.066148777671418e-005
1.992000000000000e+003 1.110679024816755e-005
1.995000000000000e+003 1.108192423679180e-005
1.998000000000000e+003 1.063926604389443e-005
2.001000000000000e+003 9.841747686541633e-006
2.004000000000000e+003 8.759542622253232e-006
2.007000000000000e+003 7.466730740735876e-006
2.010000000000000e+003 6.038073896843666e-006
2.013000000000000e+003 4.546021407170090e-006
2.016000000000000e+003 3.058048771524456e-006
2.019000000000000e+003 1.634413246040650e-006
2.022000000000000e+003 3.263877535832885e-007
2.025000000000000e+003 -8.249889873667329e-007
2.028000000000000e+003 -1.789632222567090e-006
2.031000000000000e+003 -2.548610232196694e-006
2.034000000000000e+003 -3.093853778618553e-006
2.037000000000000e+003 -3.427426091253137e-006
2.040000000000000e+003 -3.560419351059152e-006
2.043000000000000e+003 -3.511555592361864e-006
2.046000000000000e+003 -3.305577687498638e-006
2.049000000000000e+003 -2.971519475309975e-006
2.052000000000000e+003 -2.540943197335456e-006
2.055000000000000e+003 -2.046227484343125e-006
2.058000000000000e+003 -1.518980635608061e-006
2.061000000000000e+003 -9.886424545864094e-007
2.064000000000000e+003 -4.813241684704091e-007
2.067000000000000e+003 -1.892075698558586e-008
2.070000000000000e+003 3.814858146571001e-007
2.073000000000000e+003 7.079296074040254e-007
2.076000000000000e+003 9.535817941174073e-007
2.079000000000000e+003 1.116514689052097e-006
2.082000000000000e+003 1.199244426476376e-006
2.085000000000000e+003 1.208096211357696e-006
2.088000000000000e+003 1.152441406712298e-006
2.091000000000000e+003 1.043858101458327e-006
2.094000000000000e+003 8.952662913060592e-007
2.097000000000000e+003 7.200856313893947e-007
2.100000000000000e+003 5.314582372351319e-007
2.103000000000000e+003 3.415716840434823e-007
2.106000000000000e+003 1.611087153095249e-007
2.109000000000000e+003 -1.159205885305285e-009
2.112000000000000e+003 -1.386269075746519e-007
2.115000000000000e+003 -2.469606374283564e-007
2.118000000000000e+003 -3.240631400162416e-007
2.121000000000000e+003 -3.699155077246685e-007
2.124000000000000e+003 -3.863180401042261e-007
2.127000000000000e+003 -3.765559865856601e-007
2.130000000000000e+003 -3.450178462218920e-007
2.133000000000000e+003 -2.967939001385747e-007
2.136000000000000e+003 -2.372810125827058e-007
2.139000000000000e+003 -1.718166843123800e-007
2.142000000000000e+003 -1.053611931017054e-007
2.145000000000000e+003 -4.224175229867903e-008
2.148000000000000e+003 1.403266608065548e-008
2.151000000000000e+003 6.088250304813879e-008
2.154000000000000e+003 9.669642719165388e-008
2.157000000000000e+003 1.208038280226881e-007
2.160000000000000e+003 1.333905837579147e-007
2.163000000000000e+003 1.353702809568501e-007
2.166000000000000e+003 1.282245904742317e-007
2.169000000000000e+003 1.138269775780982e-007
2.172000000000000e+003 9.426341532205112e-008
2.175000000000000e+003 7.166240624472215e-008
2.178000000000000e+003 4.804457663734083e-008
2.181000000000000e+003 2.519959351806094e-008
2.184000000000000e+003 4.595385789486963e-009
2.187000000000000e+003 -1.267815569948541e-008
2.190000000000000e+003 -2.593147064375698e-008
2.193000000000000e+003 -3.486640536734786e-008
2.196000000000000e+003 -3.954072453362505e-008
2.199000000000000e+003 -4.031203215282190e-008
2.202000000000000e+003 -3.776781897179757e-008
2.205000000000000e+003 -3.264852629114961e-008
2.208000000000000e+003 -2.577017027287103e-008
2.211000000000000e+003 -1.795228548388813e-008
2.214000000000000e+003 -9.955827397300262e-009
2.217000000000000e+003 -2.434344836828794e-009
2.220000000000000e+003 4.099688316133995e-009
2.223000000000000e+003 9.292883511898073e-009
2.226000000000000e+003 1.295405342976355e-008
2.229000000000000e+003 1.504424531209318e-008
2.232000000000000e+003 1.565628377768368e-008
2.235000000000000e+003 1.498689607599874e-008
2.238000000000000e+003 1.330467218848107e-008
2.241000000000000e+003 1.091701130157065e-008
2.244000000000000e+003 8.138866168611376e-009
2.247000000000000e+003 5.265571958610572e-009
2.250000000000000e+003 2.551404659122733e-009
2.253000000000000e+003 1.948180699722883e-010
2.256000000000000e+003 -1.669376446271263e-009
2.259000000000000e+003 -2.971238672708479e-009
2.262000000000000e+003 -3.701197711517482e-009
2.265000000000000e+003 -3.901046702482097e-009
2.268000000000000e+003 -3.651878148835900e-009
2.271000000000000e+003 -3.060463356744110e-009
2.274000000000000e+003 -2.245506129648675e-009
2.277000000000000e+003 -1.325006425941584e-009
2.280000000000000e+003 -4.056969259387643e-010
2.283000000000000e+003 4.248088897874020e-010
2.286000000000000e+003 1.102855408321818e-009
2.289000000000000e+003 1.590586588698457e-009
2.292000000000000e+003 1.875080587483775e-009
2.295000000000000e+003 1.965276141171375e-009
2.298000000000000e+003 1.887323709694275e-009
2.301000000000000e+003 1.679049779739075e-009
2.304000000000000e+003 1.384206686388380e-009
2.307000000000000e+003 1.047100503802540e-009
2.310000000000000e+003 7.080653967889269e-010
2.313000000000000e+003 4.000992129813103e-010
2.316000000000000e+003 1.468128826550342e-010
2.319000000000000e+003 -3.830851800214136e-011
2.322000000000000e+003 -1.514683195767758e-010
2.325000000000000e+003 -1.971793727352218e-010
2.328000000000000e+003 -1.862411256040266e-010
2.331000000000000e+003 -1.333924117158592e-010
2.334000000000000e+003 -5.494546805329831e-011
2.337000000000000e+003 3.333749491721226e-011
2.340000000000000e+003 1.179301034736759e-010
2.343000000000000e+003 1.886726479587653e-010
2.346000000000000e+003 2.393102186460996e-010
2.349000000000000e+003 2.674732025973417e-010
2.352000000000000e+003 2.741937080112986e-010
2.355000000000000e+003 2.630913516582011e-010
2.358000000000000e+003 2.393808819288528e-010
2.361000000000000e+003 2.088530757961221e-010
2.364000000000000e+003 1.769610248625435e-010
2.367000000000000e+003 1.481123549596355e-010
2.370000000000000e+003 1.252276977803324e-010
2.373000000000000e+003 1.095834356554599e-010
2.376000000000000e+003 1.009180973977746e-010
2.379000000000000e+003 9.774978297244160e-011
2.382000000000000e+003 9.783097399361514e-011
2.385000000000000e+003 9.865789025179038e-011
2.388000000000000e+003 9.795380528380281e-011
2.391000000000000e+003 9.405858685727738e-011
2.394000000000000e+003 8.617700646168872e-011
2.397000000000000e+003 7.446262189031788e-011
2.400000000000000e+003 5.993974130394082e-011
2.403000000000000e+003 4.428821215677803e-011
2.406000000000000e+003 2.953343314461566e-011
2.409000000000000e+003 1.769427199737562e-011
2.412000000000000e+003 1.044383542137040e-011
2.415000000000000e+003 8.832883674720898e-012
2.418000000000000e+003 1.311406736318292e-011
2.421000000000000e+003 2.268902230545619e-011
2.424000000000000e+003 3.618216678010438e-011
2.427000000000000e+003 5.162732499848625e-011
2.430000000000000e+003 6.673822738188295e-011
2.433000000000000e+003 7.922340076619672e-011
2.436000000000000e+003 8.710118020029763e-011
2.439000000000000e+003 8.897180356613871e-011
2.442000000000000e+003 8.421024058926145e-011
2.445000000000000e+003 7.305513942674236e-011
2.448000000000000e+003 5.658308886574508e-011
2.451000000000000e+003 3.657318435466179e-011
2.454000000000000e+003 1.528027986178416e-011
2.457000000000000e+003 -4.852113160003909e-012
2.460000000000000e+003 -2.150230792038762e-011
2.463000000000000e+003 -3.276398814051629e-011
2.466000000000000e+003 -3.738588286457220e-011
2.469000000000000e+003 -3.492778025989453e-011
2.472000000000000e+003 -2.581406724248702e-011
2.475000000000000e+003 -1.127927548755773e-011
2.478000000000000e+003 6.786667400160788e-012
2.481000000000000e+003 2.607306583179387e-011
2.484000000000000e+003 4.413328049094735e-011
2.487000000000000e+003 5.868403841558111e-011
2.490000000000000e+003 6.788251604887312e-011
2.493000000000000e+003 7.054735332029481e-011
2.496000000000000e+003 6.629739579371322e-011
2.499000000000000e+003 5.559209482700725e-011
2.502000000000000e+003 3.966981981636693e-011
2.505000000000000e+003 2.039258796996330e-011
2.508000000000000e+003 1.713066660450088e-014
2.511000000000000e+003 -1.907958302034517e-011
2.514000000000000e+003 -3.468640207272777e-011
2.517000000000000e+003 -4.502179430793459e-011
2.520000000000000e+003 -4.894314562070853e-011
2.523000000000000e+003 -4.607827119153361e-011
2.526000000000000e+003 -3.686312979868387e-011
2.529000000000000e+003 -2.248318320719376e-011
2.532000000000000e+003 -4.726047076447989e-012
2.535000000000000e+003 1.423601921499952e-011
2.538000000000000e+003 3.210714073181542e-011
2.541000000000000e+003 4.674088172452505e-011
2.544000000000000e+003 5.639302836203689e-011
2.547000000000000e+003 5.992405760522873e-011
2.550000000000000e+003 5.692851833156452e-011
2.553000000000000e+003 4.777610502681912e-011
2.556000000000000e+003 3.356115093128161e-011
2.559000000000000e+003 1.596726261581543e-011
2.562000000000000e+003 -2.936355695108717e-012
2.565000000000000e+003 -2.094165419842500e-011
2.568000000000000e+003 -3.596248977283507e-011
2.571000000000000e+003 -4.627871889295559e-011
2.574000000000000e+003 -5.073477834399209e-011
2.577000000000000e+003 -4.887042211007843e-011
2.580000000000000e+003 -4.096849536706847e-011
2.583000000000000e+003 -2.801570102504735e-011
2.586000000000000e+003 -1.158097659758146e-011
2.589000000000000e+003 6.372792345234155e-012
2.592000000000000e+003 2.372135001538520e-011
2.595000000000000e+003 3.842846182556813e-011
2.598000000000000e+003 4.878263412573788e-011
2.601000000000000e+003 5.359397029823479e-011
2.604000000000000e+003 5.232853575079381e-011
2.607000000000000e+003 4.516491195304275e-011
2.610000000000000e+003 3.296781611595329e-011
2.613000000000000e+003 1.718167878814093e-011
2.616000000000000e+003 -3.418084542460784e-013
2.619000000000000e+003 -1.756212927890591e-011
2.622000000000000e+003 -3.248847410450866e-011
2.625000000000000e+003 -4.341031455107880e-011
2.628000000000000e+003 -4.909373001443051e-011
2.631000000000000e+003 -4.892073493111720e-011
2.634000000000000e+003 -4.295616844456888e-011
2.637000000000000e+003 -3.193498789574963e-011
2.640000000000000e+003 -1.717202325567336e-011
2.643000000000000e+003 -4.057078759633142e-013
2.646000000000000e+003 1.640621208816391e-011
2.649000000000000e+003 3.131459283565751e-011
2.652000000000000e+003 4.260397157107136e-011
2.655000000000000e+003 4.898887327774932e-011
2.658000000000000e+003 4.975919291904325e-011
2.661000000000000e+003 4.485780170907990e-011
2.664000000000000e+003 3.488257681812328e-011
2.667000000000000e+003 2.101278379714153e-011
2.670000000000000e+003 4.869092245472159e-012
2.673000000000000e+003 -1.167616888815267e-011
2.676000000000000e+003 -2.671634451172703e-011
2.679000000000000e+003 -3.853012981828726e-011
2.682000000000000e+003 -4.577833974680946e-011
2.685000000000000e+003 -4.765525081332435e-011
2.688000000000000e+003 -4.397782884670918e-011
2.691000000000000e+003 -3.520244851629722e-011
2.694000000000000e+003 -2.236835495648489e-011
2.697000000000000e+003 -6.974521116377211e-012
2.700000000000000e+003 9.195437544747068e-012
2.703000000000000e+003 2.427969135797374e-011
2.706000000000000e+003 3.655223404969898e-011
2.709000000000000e+003 4.461992395357600e-011
2.712000000000000e+003 4.758002929523859e-011
2.715000000000000e+003 4.512056053724974e-011
2.718000000000000e+003 3.755250606549761e-011
2.721000000000000e+003 2.576993991868658e-011
2.724000000000000e+003 1.114464686206835e-011
2.727000000000000e+003 -4.634260408736729e-012
2.730000000000000e+003 -1.975517883312522e-011
2.733000000000000e+003 -3.249202277285655e-011
2.736000000000000e+003 -4.140109039282230e-011
2.739000000000000e+003 -4.548431824982788e-011
2.742000000000000e+003 -4.430068444452176e-011
2.745000000000000e+003 -3.801352023023582e-011
2.748000000000000e+003 -2.736795526823876e-011
2.751000000000000e+003 -1.360302734223346e-011
2.754000000000000e+003 1.693018988149423e-012
2.757000000000000e+003 1.676559331837686e-011
2.760000000000000e+003 2.989497641026757e-011
2.763000000000000e+003 3.959216144738394e-011
2.766000000000000e+003 4.476730226733417e-011
2.769000000000000e+003 4.485180137965059e-011
2.772000000000000e+003 3.986002023821328e-011
2.775000000000000e+003 3.038462735810433e-011
2.778000000000000e+003 1.752590382456919e-011
2.781000000000000e+003 2.763685808831270e-012
2.784000000000000e+003 -1.221298965820284e-011
2.787000000000000e+003 -2.569932352774965e-011
2.790000000000000e+003 -3.616872180893181e-011
2.793000000000000e+003 -4.244544115394097e-011
2.796000000000000e+003 -4.383648265768120e-011
2.799000000000000e+003 -4.020792112095359e-011
2.802000000000000e+003 -3.199708513236020e-011
2.805000000000000e+003 -2.015996475475877e-011
2.808000000000000e+003 -6.060026189418458e-012
2.811000000000000e+003 8.688893099480940e-012
2.814000000000000e+003 2.240692558352524e-011
2.817000000000000e+003 3.353938260167052e-011
2.820000000000000e+003 4.083242253281242e-011
2.823000000000000e+003 4.347404096296094e-011
2.826000000000000e+003 4.118375444915952e-011
2.829000000000000e+003 3.424204705962272e-011
2.832000000000000e+003 2.345559117518410e-011
2.835000000000000e+003 1.006326229495278e-011
2.838000000000000e+003 -4.406305739099840e-012
2.841000000000000e+003 -1.830949008698665e-011
2.844000000000000e+003 -3.007443921083828e-011
2.847000000000000e+003 -3.837881106607010e-011
2.850000000000000e+003 -4.229835364663483e-011
2.853000000000000e+003 -4.140969824807376e-011
2.856000000000000e+003 -3.583591218627695e-011
2.859000000000000e+003 -2.622992172093634e-011
2.862000000000000e+003 -1.369823257776759e-011
2.865000000000000e+003 3.264552107646305e-013
2.868000000000000e+003 1.424896657853345e-011
2.871000000000000e+003 2.649272608324716e-011
2.874000000000000e+003 3.567811788773236e-011
2.877000000000000e+003 4.077749758633700e-011
2.880000000000000e+003 4.122973547627644e-011
2.883000000000000e+003 3.700175990463426e-011
2.886000000000000e+003 2.858961796200069e-011
2.889000000000000e+003 1.696011029970321e-011
2.892000000000000e+003 3.439505946324104e-012
2.895000000000000e+003 -1.043804272521825e-011
2.898000000000000e+003 -2.310459757359200e-011
2.901000000000000e+003 -3.313574302787828e-011
2.904000000000000e+003 -3.941078059538440e-011
2.907000000000000e+003 -4.123780570265553e-011
2.910000000000000e+003 -3.843010476871046e-011
2.913000000000000e+003 -3.132485503787164e-011
2.916000000000000e+003 -2.074270374107373e-011
2.919000000000000e+003 -7.893313984406035e-012
2.922000000000000e+003 5.763099365875114e-012
2.925000000000000e+003 1.868139902575486e-011
2.928000000000000e+003 2.940619838999036e-011
2.931000000000000e+003 3.673567789608803e-011
2.934000000000000e+003 3.985581170393317e-011
2.937000000000000e+003 3.843066218696969e-011
2.940000000000000e+003 3.263803799909469e-011
2.943000000000000e+003 2.314734523821465e-011
2.946000000000000e+003 1.104208146834402e-011
2.949000000000000e+003 -2.304201488273829e-012
2.952000000000000e+003 -1.538367334533457e-011
2.955000000000000e+003 -2.672469392164212e-011
2.958000000000000e+003 -3.505752096578648e-011
2.961000000000000e+003 -3.945629204959487e-011
2.964000000000000e+003 -3.944196130404430e-011
2.967000000000000e+003 -3.503418911375736e-011
2.970000000000000e+003 -2.674720341552830e-011
2.973000000000000e+003 -1.552976416049034e-011
2.976000000000000e+003 -2.656577855551710e-012
2.979000000000000e+003 1.041657149591262e-011
2.982000000000000e+003 2.221724901619509e-011
2.985000000000000e+003 3.142220785064061e-011
2.988000000000000e+003 3.700557957679816e-011
2.991000000000000e+003 3.835300385603840e-011
2.994000000000000e+003 3.532913252057301e-011
2.997000000000000e+003 2.829061070785374e-011
