1.500000000000000e+000 -1.365533205617927e+001
1.500050000000000e+000 -1.365533205617927e+001
1.500100000000000e+000 -1.365533205617927e+001
1.500150000000000e+000 4.456673681624992e+000
1.500200000000000e+000 1.380536707889001e+001
1.500250000000000e+000 2.654944581475630e+001
1.500300000000000e+000 4.629408366610825e+001
1.500350000000000e+000 6.138387789042329e+001
1.500400000000000e+000 3.876471497502423e+001
1.500450000000000e+000 -1.862468376460988e+001
1.500500000000000e+000 -5.284908593696959e+001
1.500550000000000e+000 -4.257497391996234e+001
1.500600000000000e+000 -1.826050780355724e+001
1.500650000000000e+000 2.093622904954202e+000
1.500700000000000e+000 1.969099528905355e+001
1.500750000000000e+000 3.338792774251127e+001
1.500800000000000e+000 3.083988333024826e+001
1.500850000000000e+000 3.612944373989223e+000
1.500900000000000e+000 -2.885577732615203e+001
1.500950000000000e+000 -4.038321326715759e+001
1.501000000000000e+000 -3.234315528984364e+001
1.501050000000000e+000 -1.994227017603451e+001
1.501100000000000e+000 -9.730989765561878e+000
1.501150000000000e+000 -7.338029353727036e-001
1.501200000000000e+000 1.130730074758635e+001
1.501250000000000e+000 3.775674456867822e+001
1.501300000000000e+000 9.927726497278300e+001
1.501350000000000e+000 1.182121684366586e+002
1.501400000000000e+000 -4.977416302710453e+000
1.501450000000000e+000 -1.230760556983081e+002
1.501500000000000e+000 -9.968248351997916e+001
1.501550000000000e+000 -4.003618662053565e+001
1.501600000000000e+000 -1.573988955842452e+001
1.501650000000000e+000 -5.679494365118977e+000
1.501700000000000e+000 1.008222780725387e+000
1.501750000000000e+000 1.005385566261430e+001
1.501800000000000e+000 3.471468740346082e+001
1.501850000000000e+000 1.288922905051741e+002
1.501900000000000e+000 1.762133429819914e+002
1.501950000000000e+000 -1.028352369629530e+001
1.502000000000000e+000 -1.809250263835546e+002
1.502050000000000e+000 -1.220883825467942e+002
1.502100000000000e+000 -3.421880690863470e+001
1.502150000000000e+000 -1.240197352811581e+001
1.502200000000000e+000 -5.332473576717690e+000
1.502250000000000e+000 -1.869382571323747e+000
1.502300000000000e+000 1.007876450921992e+000
1.502350000000000e+000 5.968910894665029e+000
1.502400000000000e+000 2.642882866429735e+001
1.502450000000000e+000 2.515844677593503e+002
1.502500000000000e+000 2.731431333081832e+002
1.502550000000000e+000 -1.823582440852875e+002
1.502600000000000e+000 -2.893788441840979e+002
1.502650000000000e+000 -7.201234539412134e+001
1.502700000000000e+000 -1.033380888047624e+001
1.502750000000000e+000 -1.882141094070307e+000
1.502800000000000e+000 2.314555955368351e+000
1.502850000000000e+000 8.441966388818868e+000
1.502900000000000e+000 3.236404343189476e+001
1.502950000000000e+000 2.347886249096069e+002
1.503000000000000e+000 2.552255336991592e+002
1.503050000000000e+000 -1.551697078005769e+002
1.503100000000000e+000 -2.694356597685471e+002
1.503150000000000e+000 -7.549774950769050e+001
1.503200000000000e+000 -7.043026294423236e+000
1.503250000000000e+000 5.648558618158148e+000
1.503300000000000e+000 1.465782457448574e+001
1.503350000000000e+000 2.623183393024536e+001
1.503400000000000e+000 4.067218675251139e+001
1.503450000000000e+000 4.648864745555655e+001
1.503500000000000e+000 2.460582678111669e+001
1.503550000000000e+000 -1.639260838974122e+001
1.503600000000000e+000 -3.983711178519872e+001
1.503650000000000e+000 -3.397550736694105e+001
1.503700000000000e+000 -1.680229192781580e+001
1.503750000000000e+000 -2.751327208704472e-001
1.503800000000000e+000 1.548383637147190e+001
1.503850000000000e+000 3.049443127874540e+001
1.503900000000000e+000 3.529633953856409e+001
1.503950000000000e+000 1.597001518365646e+001
1.504000000000000e+000 -1.875848826780032e+001
1.504050000000000e+000 -3.949517123955738e+001
1.504100000000000e+000 -3.661898828439108e+001
1.504150000000000e+000 -2.417809608092348e+001
1.504200000000000e+000 -1.277909192172121e+001
1.504250000000000e+000 -3.266896514205997e+000
1.504300000000000e+000 7.692466026939909e+000
1.504350000000000e+000 2.799152594933792e+001
1.504400000000000e+000 7.408644971159660e+001
1.504450000000000e+000 1.116535251889284e+002
1.504500000000000e+000 3.715662223035747e+001
1.504550000000000e+000 -9.086013306538210e+001
1.504600000000000e+000 -1.078706397688959e+002
1.504650000000000e+000 -5.421521058546548e+001
1.504700000000000e+000 -2.321250369218075e+001
1.504750000000000e+000 -1.104197408717659e+001
1.504800000000000e+000 -5.289977447551447e+000
1.504850000000000e+000 -1.348719940189251e+000
1.504900000000000e+000 3.930867475759541e+000
1.504950000000000e+000 2.259567576608987e+001
1.505000000000000e+000 2.423736971776315e+002
1.505050000000000e+000 2.787912048988678e+002
1.505100000000000e+000 -1.639999019010829e+002
1.505150000000000e+000 -2.937422551306451e+002
1.505200000000000e+000 -8.395046754869709e+001
1.505250000000000e+000 -1.277805370807558e+001
1.505300000000000e+000 -4.782900520831118e+000
1.505350000000000e+000 -2.513191317737828e+000
1.505400000000000e+000 -1.822834275517501e+000
1.505450000000000e+000 -2.305600418585160e+000
1.505500000000000e+000 -7.132457612633342e+000
1.505550000000000e+000 -3.281064907344932e+002
1.505600000000000e+000 -3.491186829377407e+002
1.505650000000000e+000 2.950993854349110e+002
1.505700000000000e+000 3.552645179349315e+002
1.505750000000000e+000 3.761060568960762e+001
1.505800000000000e+000 7.063132152733035e+000
1.505850000000000e+000 6.515852504160272e+000
1.505900000000000e+000 9.367975613547481e+000
1.505950000000000e+000 1.711293125774368e+001
1.506000000000000e+000 3.988246487329347e+001
1.506050000000000e+000 1.085771434829897e+002
1.506100000000000e+000 1.476296676679109e+002
1.506150000000000e+000 1.529216748249288e+001
1.506200000000000e+000 -1.345070634703848e+002
1.506250000000000e+000 -1.096419920090691e+002
1.506300000000000e+000 -3.409874426303634e+001
1.506350000000000e+000 -5.539366909663108e+000
1.506400000000000e+000 6.675172622598822e+000
1.506450000000000e+000 1.406722872363672e+001
1.506500000000000e+000 1.791977007259435e+001
1.506550000000000e+000 1.612483849331472e+001
1.506600000000000e+000 7.522160647285975e+000
1.506650000000000e+000 -4.131961410765214e+000
1.506700000000000e+000 -1.206336834874060e+001
1.506750000000000e+000 -1.275188632208019e+001
1.506800000000000e+000 -7.534661080927996e+000
1.506850000000000e+000 1.113200255058240e+000
1.506900000000000e+000 1.196433552636947e+001
1.506950000000000e+000 2.329259638561533e+001
1.507000000000000e+000 2.823848859333684e+001
1.507050000000000e+000 1.636397988371454e+001
1.507100000000000e+000 -9.917023599914936e+000
1.507150000000000e+000 -3.072759526416333e+001
1.507200000000000e+000 -3.360003836259506e+001
1.507250000000000e+000 -2.509744301593863e+001
1.507300000000000e+000 -1.470372157773581e+001
1.507350000000000e+000 -4.821920790535293e+000
1.507400000000000e+000 7.764290998817744e+000
1.507450000000000e+000 3.513832115956603e+001
1.507500000000000e+000 1.061354068534165e+002
1.507550000000000e+000 1.332685905849978e+002
1.507600000000000e+000 -6.347089871001070e+000
1.507650000000000e+000 -1.402775469362641e+002
1.507700000000000e+000 -1.086841934459563e+002
1.507750000000000e+000 -4.054958904079189e+001
1.507800000000000e+000 -1.631516141773235e+001
1.507850000000000e+000 -7.292357206431412e+000
1.507900000000000e+000 -2.279718741227568e+000
1.507950000000000e+000 3.096589379060543e+000
1.508000000000000e+000 1.724226567842238e+001
1.508050000000000e+000 1.379234167325473e+002
1.508100000000000e+000 2.695495817778376e+002
1.508150000000000e+000 3.547945640764006e+001
1.508200000000000e+000 -2.683469394376549e+002
1.508250000000000e+000 -1.767035371095120e+002
1.508300000000000e+000 -2.430586921304699e+001
1.508350000000000e+000 -8.639772260843996e+000
1.508400000000000e+000 -5.092371631974466e+000
1.508450000000000e+000 -4.650173974089806e+000
1.508500000000000e+000 -6.869977902712662e+000
1.508550000000000e+000 -1.790366196247035e+001
1.508600000000000e+000 -1.485506586136854e+002
1.508650000000000e+000 -2.883030510882299e+002
1.508700000000000e+000 -3.053138360205020e+001
1.508750000000000e+000 2.863077552811338e+002
1.508800000000000e+000 1.790238891325027e+002
1.508850000000000e+000 2.048919777850007e+001
1.508900000000000e+000 8.234005753760165e+000
1.508950000000000e+000 6.664653425021788e+000
1.509000000000000e+000 9.441069420042496e+000
1.509050000000000e+000 2.156957779890111e+001
1.509100000000000e+000 9.137190085910842e+001
1.509150000000000e+000 2.302629756685535e+002
1.509200000000000e+000 1.114890125722843e+002
1.509250000000000e+000 -2.037400469848383e+002
1.509300000000000e+000 -1.944683557124333e+002
1.509350000000000e+000 -4.237705623882318e+001
1.509400000000000e+000 -1.170053043507530e+001
1.509450000000000e+000 -3.976659531710987e+000
1.509500000000000e+000 -4.766956434029793e-001
1.509550000000000e+000 2.443942973511340e+000
1.509600000000000e+000 7.200366919839063e+000
1.509650000000000e+000 2.136101736397102e+001
1.509700000000000e+000 1.105289359532869e+002
1.509750000000000e+000 2.444484365771075e+002
1.509800000000000e+000 8.026974952282401e+001
1.509850000000000e+000 -2.286080020600109e+002
1.509900000000000e+000 -1.842218341179376e+002
1.509950000000000e+000 -3.105476357886885e+001
1.510000000000000e+000 -5.925759247230823e+000
1.510050000000000e+000 2.867511086375632e+000
1.510100000000000e+000 1.128670915394233e+001
1.510150000000000e+000 2.758152042380266e+001
1.510200000000000e+000 6.860228366322825e+001
1.510250000000000e+000 1.191398610992210e+002
1.510300000000000e+000 6.581728699542114e+001
1.510350000000000e+000 -7.532718968767283e+001
1.510400000000000e+000 -1.156526206309591e+002
1.510450000000000e+000 -6.149609478819617e+001
1.510500000000000e+000 -2.354496907408642e+001
1.510550000000000e+000 -8.427927915391416e+000
1.510600000000000e+000 -5.948854554492244e-001
1.510650000000000e+000 6.119348800663857e+000
1.510700000000000e+000 1.606623656555621e+001
1.510750000000000e+000 3.751920508645955e+001
1.510800000000000e+000 8.342687972478842e+001
1.510850000000000e+000 1.065686307786637e+002
1.510900000000000e+000 2.159762503083026e+001
1.510950000000000e+000 -8.914795175694300e+001
1.511000000000000e+000 -9.233930887222499e+001
1.511050000000000e+000 -4.204284960618013e+001
1.511100000000000e+000 -1.331042303858060e+001
1.511150000000000e+000 3.432401028404742e-001
1.511200000000000e+000 9.176891610428386e+000
1.511250000000000e+000 1.658525965082788e+001
1.511300000000000e+000 2.240618377978624e+001
1.511350000000000e+000 2.363102963121825e+001
1.511400000000000e+000 1.699600169969618e+001
1.511450000000000e+000 4.691107475985918e+000
1.511500000000000e+000 -4.989207419595675e+000
1.511550000000000e+000 -6.059155708997228e+000
1.511600000000000e+000 -6.561248340494797e-001
1.511650000000000e+000 4.179295222755534e+000
1.511700000000000e+000 2.184043537545676e+000
1.511750000000000e+000 -7.281994083481165e+000
1.511800000000000e+000 -1.799610975587185e+001
1.511850000000000e+000 -2.310449210121954e+001
1.511900000000000e+000 -2.150722178273400e+001
1.511950000000000e+000 -1.624091553675736e+001
1.512000000000000e+000 -9.747767656553741e+000
1.512050000000000e+000 -1.892815392046869e+000
1.512100000000000e+000 1.164629150487590e+001
1.512150000000000e+000 5.113811322001308e+001
1.512200000000000e+000 1.509319402751865e+002
1.512250000000000e+000 1.323821071347985e+002
1.512300000000000e+000 -8.442334238068585e+001
1.512350000000000e+000 -1.718592859844291e+002
1.512400000000000e+000 -8.434253359192194e+001
1.512450000000000e+000 -2.615642751399710e+001
1.512500000000000e+000 -9.490171158784811e+000
1.512550000000000e+000 -2.027897616421363e+000
1.512600000000000e+000 4.376743506134011e+000
1.512650000000000e+000 1.531498836297205e+001
1.512700000000000e+000 4.649234788650692e+001
1.512750000000000e+000 1.311118049049641e+002
1.512800000000000e+000 1.379330845732132e+002
1.512850000000000e+000 -4.190235060240123e+001
1.512900000000000e+000 -1.579165160568206e+002
1.512950000000000e+000 -9.788793831445267e+001
1.513000000000000e+000 -3.294729391157548e+001
1.513050000000000e+000 -1.339150385225079e+001
1.513100000000000e+000 -6.349841785740675e+000
1.513150000000000e+000 -2.850759415823448e+000
1.513200000000000e+000 -1.005023478388200e-001
1.513250000000000e+000 4.509103224680206e+000
1.513300000000000e+000 2.798191964816140e+001
1.513350000000000e+000 -7.227999663364449e+001
1.513400000000000e+000 -9.212735728235103e+001
1.513450000000000e+000 1.007801654001055e+002
1.513500000000000e+000 6.767164305740808e+001
1.513550000000000e+000 -3.346079109123619e+001
1.513600000000000e+000 -5.905955938809441e+000
1.513650000000000e+000 -1.237704404787253e+000
1.513700000000000e+000 1.163457093408806e+000
1.513750000000000e+000 4.085201654993581e+000
1.513800000000000e+000 1.100461420795468e+001
1.513850000000000e+000 4.310182536944762e+001
1.513900000000000e+000 2.372070546659957e+002
1.513950000000000e+000 2.273957636793641e+002
1.514000000000000e+000 -1.732732776284095e+002
1.514050000000000e+000 -2.571245371782824e+002
1.514100000000000e+000 -6.882650752535722e+001
1.514150000000000e+000 -1.311700334630630e+001
1.514200000000000e+000 -3.252228623436245e+000
1.514250000000000e+000 1.001928324485778e+000
1.514300000000000e+000 4.880462819555373e+000
1.514350000000000e+000 1.154061233082605e+001
1.514400000000000e+000 2.957491322875049e+001
1.514450000000000e+000 9.713857620614317e+001
1.514500000000000e+000 1.770324249381363e+002
1.514550000000000e+000 6.116798516154303e+001
1.514600000000000e+000 -1.503697194104732e+002
1.514650000000000e+000 -1.454006673071161e+002
1.514700000000000e+000 -4.439373375267096e+001
1.514750000000000e+000 -9.679596180347847e+000
1.514800000000000e+000 4.214904555873125e+000
1.514850000000000e+000 1.627255738158421e+001
1.514900000000000e+000 3.355023331587258e+001
1.514950000000000e+000 5.602816928849909e+001
1.515000000000000e+000 5.875838956745761e+001
1.515050000000000e+000 1.368482579173184e+001
1.515100000000000e+000 -4.343059008809138e+001
1.515150000000000e+000 -5.628501946032962e+001
1.515200000000000e+000 -3.443054216101074e+001
1.515250000000000e+000 -1.020679482870144e+001
1.515300000000000e+000 1.184241517685948e+001
1.515350000000000e+000 3.989602747938323e+001
1.515400000000000e+000 6.817590647005238e+001
1.515450000000000e+000 5.138840309099867e+001
1.515500000000000e+000 -2.154699503870890e+001
1.515550000000000e+000 -7.161138280970299e+001
1.515600000000000e+000 -6.025071477682789e+001
1.515650000000000e+000 -3.145870389479594e+001
1.515700000000000e+000 -1.276234560319319e+001
1.515750000000000e+000 -8.292240704569335e-001
1.515800000000000e+000 1.031004520333210e+001
1.515850000000000e+000 2.563288589570282e+001
1.515900000000000e+000 4.735121826858145e+001
1.515950000000000e+000 5.876017074757126e+001
1.516000000000000e+000 2.671244934531743e+001
1.516050000000000e+000 -3.334802163221555e+001
1.516100000000000e+000 -6.109458380008913e+001
1.516150000000000e+000 -4.770590899966066e+001
1.516200000000000e+000 -2.718232414567397e+001
1.516250000000000e+000 -1.396025293415995e+001
1.516300000000000e+000 -5.848827134192001e+000
1.516350000000000e+000 6.969182872269165e-001
1.516400000000000e+000 9.360323722430479e+000
1.516450000000000e+000 2.870665581836819e+001
1.516500000000000e+000 8.687312890880226e+001
1.516550000000000e+000 1.490490067301187e+002
1.516600000000000e+000 5.376560884049562e+001
1.516650000000000e+000 -1.228866071795015e+002
1.516700000000000e+000 -1.321422915921355e+002
1.516750000000000e+000 -5.168228500780192e+001
1.516800000000000e+000 -1.663452476742757e+001
1.516850000000000e+000 -3.320637891083546e+000
1.516900000000000e+000 5.790603290713888e+000
1.516950000000000e+000 1.825171598274590e+001
1.517000000000000e+000 4.443461415510469e+001
1.517050000000000e+000 9.090547532322751e+001
1.517100000000000e+000 9.126107511445535e+001
1.517150000000000e+000 -1.077379154784457e+001
1.517200000000000e+000 -9.810867757378307e+001
1.517250000000000e+000 -8.222713954154142e+001
1.517300000000000e+000 -3.743271293629191e+001
1.517350000000000e+000 -1.469461923838705e+001
1.517400000000000e+000 -3.483763593580875e+000
1.517450000000000e+000 5.081767353832812e+000
1.517500000000000e+000 1.691826442000970e+001
1.517550000000000e+000 4.223434578168373e+001
1.517600000000000e+000 9.299294855648570e+001
1.517650000000000e+000 1.047284433427140e+002
1.517700000000000e+000 1.792988967105542e+000
1.517750000000000e+000 -9.976731228879172e+001
1.517800000000000e+000 -8.597316672128348e+001
1.517850000000000e+000 -3.352509369628533e+001
1.517900000000000e+000 -5.363050661339224e+000
1.517950000000000e+000 1.086274019754669e+001
1.518000000000000e+000 2.356303917231926e+001
1.518050000000000e+000 3.055449912599218e+001
1.518100000000000e+000 2.278535281072979e+001
1.518150000000000e+000 -9.716728155151349e-001
1.518200000000000e+000 -2.400797067155201e+001
1.518250000000000e+000 -3.070966189355448e+001
1.518300000000000e+000 -2.380861510384636e+001
1.518350000000000e+000 -1.296993291109977e+001
1.518400000000000e+000 -2.128585592334428e+000
1.518450000000000e+000 9.988416798313223e+000
1.518500000000000e+000 2.684684264956947e+001
1.518550000000000e+000 4.848250412931181e+001
1.518600000000000e+000 5.443495681678191e+001
1.518650000000000e+000 1.679710512705942e+001
1.518700000000000e+000 -3.870373173927447e+001
1.518750000000000e+000 -5.761170506699509e+001
1.518800000000000e+000 -4.117890083195757e+001
1.518850000000000e+000 -2.078676086298859e+001
1.518900000000000e+000 -6.220729474595600e+000
1.518950000000000e+000 6.104525613098627e+000
1.519000000000000e+000 2.138949498335509e+001
1.519050000000000e+000 4.344518743965501e+001
1.519100000000000e+000 6.026467937123205e+001
1.519150000000000e+000 3.643488995200613e+001
1.519200000000000e+000 -2.481689714848428e+001
1.519250000000000e+000 -6.143376403682062e+001
1.519300000000000e+000 -5.180641901024819e+001
1.519350000000000e+000 -2.960588707711261e+001
1.519400000000000e+000 -1.440436245106480e+001
1.519450000000000e+000 -4.809351694114273e+000
1.519500000000000e+000 3.230369949647650e+000
1.519550000000000e+000 1.369588276601227e+001
1.519600000000000e+000 3.288346514876515e+001
1.519650000000000e+000 6.695316079570387e+001
1.519700000000000e+000 8.323595566252372e+001
1.519750000000000e+000 2.289377266223934e+001
1.519800000000000e+000 -6.559943234191793e+001
1.519850000000000e+000 -8.233781549413669e+001
1.519900000000000e+000 -4.843307032043236e+001
1.519950000000000e+000 -2.226892372793422e+001
1.520000000000000e+000 -8.884426602059243e+000
1.520050000000000e+000 -3.234977778690685e-001
1.520100000000000e+000 8.851544242182390e+000
1.520150000000000e+000 2.600710707929434e+001
1.520200000000000e+000 6.911022429976033e+001
1.520250000000000e+000 1.236093359384530e+002
1.520300000000000e+000 6.868949184242072e+001
1.520350000000000e+000 -7.949487618290233e+001
1.520400000000000e+000 -1.199030656013307e+002
1.520450000000000e+000 -6.121762446749057e+001
1.520500000000000e+000 -2.086025728846281e+001
1.520550000000000e+000 -3.361535697317347e+000
1.520600000000000e+000 9.045699172406538e+000
1.520650000000000e+000 2.550982472448503e+001
1.520700000000000e+000 5.334004207610865e+001
1.520750000000000e+000 7.782840872613463e+001
1.520800000000000e+000 4.556171121892448e+001
1.520850000000000e+000 -3.631008873464810e+001
1.520900000000000e+000 -7.556574754424754e+001
1.520950000000000e+000 -5.373547245980281e+001
1.521000000000000e+000 -2.392011047562909e+001
1.521050000000000e+000 -5.141679581059172e+000
1.521100000000000e+000 9.339155795383485e+000
1.521150000000000e+000 2.614825265199471e+001
1.521200000000000e+000 4.640295086444608e+001
1.521250000000000e+000 5.240688096952148e+001
1.521300000000000e+000 1.864558121662522e+001
1.521350000000000e+000 -3.375772134665861e+001
1.521400000000000e+000 -5.452042657080629e+001
1.521450000000000e+000 -4.118117759283935e+001
1.521500000000000e+000 -2.227682164392411e+001
1.521550000000000e+000 -8.856966711167258e+000
1.521600000000000e+000 1.169127691913769e+000
1.521650000000000e+000 1.142219714125842e+001
1.521700000000000e+000 2.527425085206798e+001
1.521750000000000e+000 4.311556189478147e+001
1.521800000000000e+000 5.075560808088921e+001
1.521850000000000e+000 2.402635925154621e+001
1.521900000000000e+000 -2.475539050083671e+001
1.521950000000000e+000 -4.976396858495674e+001
1.522000000000000e+000 -4.087259018661337e+001
1.522050000000000e+000 -2.257187530053999e+001
1.522100000000000e+000 -8.096207017656226e+000
1.522150000000000e+000 3.377393076415024e+000
1.522200000000000e+000 1.509540669205834e+001
1.522250000000000e+000 2.869779045172628e+001
1.522300000000000e+000 3.904283988850336e+001
1.522350000000000e+000 3.078958425417843e+001
1.522400000000000e+000 -1.299781588533265e+000
1.522450000000000e+000 -3.269759526678188e+001
1.522500000000000e+000 -3.993069619644867e+001
1.522550000000000e+000 -2.940712411003906e+001
1.522600000000000e+000 -1.626102099906838e+001
1.522650000000000e+000 -5.190905018217936e+000
1.522700000000000e+000 5.781462165446791e+000
1.522750000000000e+000 2.138502293537413e+001
1.522800000000000e+000 4.818460716887427e+001
1.522850000000000e+000 7.551559031206485e+001
1.522900000000000e+000 5.096054441587160e+001
1.522950000000000e+000 -2.979222068718032e+001
1.523000000000000e+000 -7.674233343303469e+001
1.523050000000000e+000 -5.927295812231213e+001
1.523100000000000e+000 -2.898285647408720e+001
1.523150000000000e+000 -1.015794496787857e+001
1.523200000000000e+000 2.994451133270967e+000
1.523250000000000e+000 1.801202396309314e+001
1.523300000000000e+000 4.243035651608471e+001
1.523350000000000e+000 7.171449482676100e+001
1.523400000000000e+000 5.919948026065612e+001
1.523450000000000e+000 -1.551865625094508e+001
1.523500000000000e+000 -7.334335821991566e+001
1.523550000000000e+000 -6.527374941602150e+001
1.523600000000000e+000 -3.534436706424348e+001
1.523650000000000e+000 -1.614704651430094e+001
1.523700000000000e+000 -4.906829090688241e+000
1.523750000000000e+000 4.922790679229907e+000
1.523800000000000e+000 2.107634808694346e+001
1.523850000000000e+000 6.381375049308736e+001
1.523900000000000e+000 1.351879651471774e+002
1.523950000000000e+000 9.268390710850548e+001
1.524000000000000e+000 -8.036837838999330e+001
1.524050000000000e+000 -1.385898202195839e+002
1.524100000000000e+000 -7.084142391356318e+001
1.524150000000000e+000 -2.408142101152705e+001
1.524200000000000e+000 -6.853092266288217e+000
1.524250000000000e+000 2.950857883113725e+000
1.524300000000000e+000 1.385851070214528e+001
1.524350000000000e+000 3.411346362057849e+001
1.524400000000000e+000 7.360443733613015e+001
1.524450000000000e+000 9.555498197132499e+001
1.524500000000000e+000 2.615319096862038e+001
1.524550000000000e+000 -7.634702879075326e+001
1.524600000000000e+000 -9.101642519682396e+001
1.524650000000000e+000 -4.932759116741219e+001
1.524700000000000e+000 -2.107111751052545e+001
1.524750000000000e+000 -7.629951841945998e+000
1.524800000000000e+000 7.302038119174008e-001
1.524850000000000e+000 9.378362380379636e+000
1.524900000000000e+000 2.400240610540908e+001
1.524950000000000e+000 5.495991144659148e+001
1.525000000000000e+000 9.524886026987385e+001
1.525050000000000e+000 6.887657416206011e+001
1.525100000000000e+000 -3.857715313545290e+001
1.525150000000000e+000 -9.648762839412991e+001
1.525200000000000e+000 -6.717602494756316e+001
1.525250000000000e+000 -2.941501700346486e+001
1.525300000000000e+000 -1.070115957839221e+001
1.525350000000000e+000 -4.568485900636403e-001
1.525400000000000e+000 8.012946517986736e+000
1.525450000000000e+000 1.867146714685473e+001
1.525500000000000e+000 3.473948676899707e+001
1.525550000000000e+000 5.294756247851350e+001
1.525600000000000e+000 4.992395905755909e+001
1.525650000000000e+000 7.314515923484694e+000
1.525700000000000e+000 -4.040674309260862e+001
1.525750000000000e+000 -5.037356856597516e+001
1.525800000000000e+000 -3.295853469686483e+001
1.525850000000000e+000 -1.449571388912348e+001
1.525900000000000e+000 -1.245259934878855e+000
1.525950000000000e+000 9.192594968774799e+000
1.526000000000000e+000 1.841461727563378e+001
1.526050000000000e+000 2.472888982487915e+001
1.526100000000000e+000 2.278469445342186e+001
1.526150000000000e+000 9.387841058977710e+000
1.526200000000000e+000 -8.298468155423722e+000
1.526250000000000e+000 -1.791606023339796e+001
1.526300000000000e+000 -1.545000611633860e+001
1.526350000000000e+000 -5.805168681458284e+000
1.526400000000000e+000 5.527364096322089e+000
1.526450000000000e+000 1.447863987132777e+001
1.526500000000000e+000 1.582716110744478e+001
1.526550000000000e+000 5.634846829584567e+000
1.526600000000000e+000 -1.135043419027694e+001
1.526650000000000e+000 -2.361622076214798e+001
1.526700000000000e+000 -2.532815680551988e+001
1.526750000000000e+000 -1.988244357246501e+001
1.526800000000000e+000 -1.224730835322461e+001
1.526850000000000e+000 -4.055691588601891e+000
1.526900000000000e+000 6.468755753164414e+000
1.526950000000000e+000 2.589792203336539e+001
1.527000000000000e+000 6.933006510122341e+001
1.527050000000000e+000 1.110367284401471e+002
1.527100000000000e+000 4.849359887610129e+001
1.527150000000000e+000 -8.097656819223271e+001
1.527200000000000e+000 -1.097762352194680e+002
1.527250000000000e+000 -5.827779112728167e+001
1.527300000000000e+000 -2.331539745001804e+001
1.527350000000000e+000 -8.084168640427036e+000
1.527400000000000e+000 1.021142015203426e+000
1.527450000000000e+000 1.038863550554187e+001
1.527500000000000e+000 2.577398647967065e+001
1.527550000000000e+000 5.478322383201589e+001
1.527600000000000e+000 8.327198943809299e+001
1.527650000000000e+000 5.024743857037396e+001
1.527700000000000e+000 -4.036543193620805e+001
1.527750000000000e+000 -8.425580104587883e+001
1.527800000000000e+000 -6.026115209268814e+001
1.527850000000000e+000 -2.949883192632965e+001
1.527900000000000e+000 -1.298339099286316e+001
1.527950000000000e+000 -3.652332258715146e+000
1.528000000000000e+000 4.250368488389765e+000
1.528050000000000e+000 1.593861358962828e+001
1.528100000000000e+000 4.263929871781014e+001
1.528150000000000e+000 1.003034939926667e+002
1.528200000000000e+000 1.129882444811476e+002
1.528250000000000e+000 -5.922077489078581e+000
1.528300000000000e+000 -1.165356987471114e+002
1.528350000000000e+000 -9.587270946253832e+001
1.528400000000000e+000 -3.999887369526336e+001
1.528450000000000e+000 -1.540190101312118e+001
1.528500000000000e+000 -4.851077116502492e+000
1.528550000000000e+000 1.750680839134657e+000
1.528600000000000e+000 8.596512490613831e+000
1.528650000000000e+000 1.961383891826510e+001
1.528700000000000e+000 4.184660961069712e+001
1.528750000000000e+000 7.816227175649610e+001
1.528800000000000e+000 8.131016974281189e+001
1.528850000000000e+000 3.566507387278934e+000
1.528900000000000e+000 -7.643098521700604e+001
1.528950000000000e+000 -7.562025842191537e+001
1.529000000000000e+000 -3.850201320586487e+001
1.529050000000000e+000 -1.438522595438306e+001
1.529100000000000e+000 -9.953770532880876e-001
1.529150000000000e+000 9.265109849453888e+000
1.529200000000000e+000 2.042246925991529e+001
1.529250000000000e+000 3.324856128979295e+001
1.529300000000000e+000 4.067261980791064e+001
1.529350000000000e+000 2.783241392982123e+001
1.529400000000000e+000 -5.104571817206989e+000
1.529450000000000e+000 -3.186090761195270e+001
1.529500000000000e+000 -3.471410107158521e+001
1.529550000000000e+000 -2.317113307682145e+001
1.529600000000000e+000 -1.055790201790986e+001
1.529650000000000e+000 -6.323518750360598e-001
1.529700000000000e+000 7.099720696161747e+000
1.529750000000000e+000 1.295359272806561e+001
1.529800000000000e+000 1.586645254971999e+001
1.529850000000000e+000 1.397066267901210e+001
1.529900000000000e+000 7.068833914633800e+000
1.529950000000000e+000 -1.301143365017908e+000
1.530000000000000e+000 -6.010106520529313e+000
1.530050000000000e+000 -4.714115529738288e+000
1.530100000000000e+000 1.063747322201511e+000
1.530150000000000e+000 7.758597615549158e+000
1.530200000000000e+000 1.087243892565532e+001
1.530250000000000e+000 6.478273032490434e+000
1.530300000000000e+000 -4.674220938243590e+000
1.530350000000000e+000 -1.582430138079207e+001
1.530400000000000e+000 -2.049982265048827e+001
1.530450000000000e+000 -1.821087075224645e+001
1.530500000000000e+000 -1.218323847510157e+001
1.530550000000000e+000 -4.835907645936519e+000
1.530600000000000e+000 3.470659820853817e+000
1.530650000000000e+000 1.363650892953198e+001
1.530700000000000e+000 2.603536728251813e+001
1.530750000000000e+000 3.576704297350168e+001
1.530800000000000e+000 2.927890659737124e+001
1.530850000000000e+000 8.039906540711957e-001
1.530900000000000e+000 -2.919141045899609e+001
1.530950000000000e+000 -3.815301045580632e+001
1.531000000000000e+000 -2.944822681860800e+001
1.531050000000000e+000 -1.691705139497346e+001
1.531100000000000e+000 -6.129594052962855e+000
1.531150000000000e+000 3.645057683600339e+000
1.531200000000000e+000 1.468920176441740e+001
1.531250000000000e+000 2.854246809781962e+001
1.531300000000000e+000 4.065895994852570e+001
1.531350000000000e+000 3.470028821285386e+001
1.531400000000000e+000 1.921575771228915e+000
1.531450000000000e+000 -3.327334074104396e+001
1.531500000000000e+000 -4.305736429616434e+001
1.531550000000000e+000 -3.252075602604646e+001
1.531600000000000e+000 -1.892789413217536e+001
1.531650000000000e+000 -8.379034511321082e+000
1.531700000000000e+000 2.287566208962385e-001
1.531750000000000e+000 9.509588445382757e+000
1.531800000000000e+000 2.273849810086354e+001
1.531850000000000e+000 4.228592036381549e+001
1.531900000000000e+000 5.739736230206242e+001
1.531950000000000e+000 3.725626759321555e+001
1.532000000000000e+000 -1.794641866657982e+001
1.532050000000000e+000 -5.473124463612524e+001
1.532100000000000e+000 -4.890392078009827e+001
1.532150000000000e+000 -2.780441311159861e+001
1.532200000000000e+000 -1.116621766149124e+001
1.532250000000000e+000 1.248927261055619e+000
1.532300000000000e+000 1.378333272529827e+001
1.532350000000000e+000 3.004306644055454e+001
1.532400000000000e+000 4.722473254730694e+001
1.532450000000000e+000 4.490968291153916e+001
1.532500000000000e+000 6.471048107322838e+000
1.532550000000000e+000 -3.865846135669766e+001
1.532600000000000e+000 -5.077370314849814e+001
1.532650000000000e+000 -3.642751119278788e+001
1.532700000000000e+000 -1.958397694585602e+001
1.532750000000000e+000 -7.191330263047313e+000
1.532800000000000e+000 3.405755690212031e+000
1.532850000000000e+000 1.696668259685604e+001
1.532900000000000e+000 4.060833133932746e+001
1.532950000000000e+000 7.394169282756485e+001
1.533000000000000e+000 7.064827821372937e+001
1.533050000000000e+000 -4.492300640119359e+000
1.533100000000000e+000 -7.414954264468808e+001
1.533150000000000e+000 -7.091638345806449e+001
1.533200000000000e+000 -3.745746883103790e+001
1.533250000000000e+000 -1.524891445906756e+001
1.533300000000000e+000 -2.456368206644321e+000
1.533350000000000e+000 7.664609365937141e+000
1.533400000000000e+000 1.940143265027491e+001
1.533450000000000e+000 3.491661636021620e+001
1.533500000000000e+000 4.785908547700737e+001
1.533550000000000e+000 3.732728554756242e+001
1.533600000000000e+000 -3.212374272408665e+000
1.533650000000000e+000 -3.970147983258867e+001
1.533700000000000e+000 -4.408007569297062e+001
1.533750000000000e+000 -2.897334674065913e+001
1.533800000000000e+000 -1.341995999293083e+001
1.533850000000000e+000 -1.398542352178514e+000
1.533900000000000e+000 9.265554009407218e+000
1.533950000000000e+000 2.052465446852893e+001
1.534000000000000e+000 3.091073613290907e+001
1.534050000000000e+000 3.182187410145654e+001
1.534100000000000e+000 1.387534664998348e+001
1.534150000000000e+000 -1.463419820139739e+001
1.534200000000000e+000 -3.189583559963774e+001
1.534250000000000e+000 -3.055812033122442e+001
1.534300000000000e+000 -2.042484561309091e+001
1.534350000000000e+000 -1.001720341944202e+001
1.534400000000000e+000 -1.034982135597165e+000
1.534450000000000e+000 7.689726498116917e+000
1.534500000000000e+000 1.761022401333648e+001
1.534550000000000e+000 2.845878451710323e+001
1.534600000000000e+000 3.425926156288335e+001
1.534650000000000e+000 2.380726289741518e+001
1.534700000000000e+000 -3.021053895502325e+000
1.534750000000000e+000 -2.656216294433324e+001
1.534800000000000e+000 -3.140587845625804e+001
1.534850000000000e+000 -2.278581526004248e+001
1.534900000000000e+000 -1.142522586176563e+001
1.534950000000000e+000 -1.392873752880731e+000
1.535000000000000e+000 7.402442682211559e+000
1.535050000000000e+000 1.522649751800331e+001
1.535100000000000e+000 2.038503184622451e+001
1.535150000000000e+000 1.881255390449586e+001
1.535200000000000e+000 8.062591585814261e+000
1.535250000000000e+000 -6.899735603515055e+000
1.535300000000000e+000 -1.661061396834544e+001
1.535350000000000e+000 -1.681471900497903e+001
1.535400000000000e+000 -1.031207615269901e+001
1.535450000000000e+000 -9.810892893052362e-001
1.535500000000000e+000 9.394783878044887e+000
1.535550000000000e+000 1.939980871946086e+001
1.535600000000000e+000 2.452730351920557e+001
1.535650000000000e+000 1.752332577875797e+001
1.535700000000000e+000 -1.771647594368506e+000
1.535750000000000e+000 -2.051222135947647e+001
1.535800000000000e+000 -2.667025386460531e+001
1.535850000000000e+000 -2.150197343277302e+001
1.535900000000000e+000 -1.231826456852872e+001
1.535950000000000e+000 -3.118539579379688e+000
1.536000000000000e+000 5.570603344637991e+000
1.536050000000000e+000 1.392411487163195e+001
1.536100000000000e+000 2.053339193836074e+001
1.536150000000000e+000 2.102491533942911e+001
1.536200000000000e+000 1.112240466076466e+001
1.536250000000000e+000 -5.783440339095803e+000
1.536300000000000e+000 -1.892661573944298e+001
1.536350000000000e+000 -2.167573539414959e+001
1.536400000000000e+000 -1.653602712079301e+001
1.536450000000000e+000 -8.533829740028585e+000
1.536500000000000e+000 -1.741188342109204e-002
1.536550000000000e+000 8.940631972273117e+000
1.536600000000000e+000 1.847235019792063e+001
1.536650000000000e+000 2.623686729032730e+001
1.536700000000000e+000 2.533665035973240e+001
1.536750000000000e+000 1.012963466974200e+001
1.536800000000000e+000 -1.205316761464041e+001
1.536850000000000e+000 -2.557800747406152e+001
1.536900000000000e+000 -2.503285165422902e+001
1.536950000000000e+000 -1.697661477410117e+001
1.537000000000000e+000 -7.936275356650530e+000
1.537050000000000e+000 -3.122879603971800e-004
1.537100000000000e+000 6.761520629867678e+000
1.537150000000000e+000 1.209123113003519e+001
1.537200000000000e+000 1.458225288099867e+001
1.537250000000000e+000 1.213220784042321e+001
1.537300000000000e+000 4.382351613937615e+000
1.537350000000000e+000 -5.191764078613645e+000
1.537400000000000e+000 -1.147148538934342e+001
1.537450000000000e+000 -1.211263655490457e+001
1.537500000000000e+000 -8.349089333340999e+000
1.537550000000000e+000 -2.404350149916217e+000
1.537600000000000e+000 4.245440283003608e+000
1.537650000000000e+000 1.054727790834820e+001
1.537700000000000e+000 1.471107282996464e+001
1.537750000000000e+000 1.385287700401013e+001
1.537800000000000e+000 6.299062938192820e+000
1.537850000000000e+000 -4.934852715403839e+000
1.537900000000000e+000 -1.342003023362493e+001
1.537950000000000e+000 -1.526676852794489e+001
1.538000000000000e+000 -1.148394598519123e+001
1.538050000000000e+000 -4.829594446552823e+000
1.538100000000000e+000 3.003674225287416e+000
1.538150000000000e+000 1.129390360283560e+001
1.538200000000000e+000 1.854315767754512e+001
1.538250000000000e+000 2.065752958110866e+001
1.538300000000000e+000 1.278502093070327e+001
1.538350000000000e+000 -3.393404379264009e+000
1.538400000000000e+000 -1.773377740834421e+001
1.538450000000000e+000 -2.214099551810626e+001
1.538500000000000e+000 -1.781356603774919e+001
1.538550000000000e+000 -9.867017039728980e+000
1.538600000000000e+000 -1.196418316483151e+000
1.538650000000000e+000 7.770642815042098e+000
1.538700000000000e+000 1.695919000853368e+001
1.538750000000000e+000 2.404661609040218e+001
1.538800000000000e+000 2.284001871498613e+001
1.538850000000000e+000 8.680253908425964e+000
1.538900000000000e+000 -1.163187698771626e+001
1.538950000000000e+000 -2.418546175432887e+001
1.539000000000000e+000 -2.389799746369899e+001
1.539050000000000e+000 -1.622637164925146e+001
1.539100000000000e+000 -6.844983229778547e+000
1.539150000000000e+000 2.616097162493091e+000
1.539200000000000e+000 1.265464351692184e+001
1.539250000000000e+000 2.313006062924782e+001
1.539300000000000e+000 2.971489930080325e+001
1.539350000000000e+000 2.321368901694333e+001
1.539400000000000e+000 1.165877471099947e+000
1.539450000000000e+000 -2.186985505348038e+001
1.539500000000000e+000 -3.014832789899957e+001
1.539550000000000e+000 -2.466519878997723e+001
1.539600000000000e+000 -1.474553322153787e+001
1.539650000000000e+000 -5.388809551079977e+000
1.539700000000000e+000 2.952524595499929e+000
1.539750000000000e+000 1.107237490519068e+001
1.539800000000000e+000 1.901222465577478e+001
1.539850000000000e+000 2.424632292079485e+001
1.539900000000000e+000 2.124084881464035e+001
1.539950000000000e+000 7.142462948080818e+000
1.540000000000000e+000 -1.086900410733612e+001
1.540050000000000e+000 -2.120864720073525e+001
1.540100000000000e+000 -2.057310951645464e+001
1.540150000000000e+000 -1.393483537991357e+001
1.540200000000000e+000 -6.207671829221661e+000
1.540250000000000e+000 7.619132484073127e-001
1.540300000000000e+000 6.624990453615871e+000
1.540350000000000e+000 1.093485620024756e+001
1.540400000000000e+000 1.251620359624497e+001
1.540450000000000e+000 1.000937617313436e+001
1.540500000000000e+000 3.600073832824175e+000
1.540550000000000e+000 -3.922079024530027e+000
1.540600000000000e+000 -8.923081591425255e+000
1.540650000000000e+000 -9.787915804476425e+000
1.540700000000000e+000 -7.407747903010050e+000
1.540750000000000e+000 -3.531809579639285e+000
1.540800000000000e+000 4.912659233790082e-001
1.540850000000000e+000 3.818575852705995e+000
1.540900000000000e+000 5.808257424489547e+000
1.540950000000000e+000 5.939964074159146e+000
1.541000000000000e+000 4.110455863972744e+000
1.541050000000000e+000 9.919938867634519e-001
1.541100000000000e+000 -2.105523353277762e+000
1.541150000000000e+000 -3.968800169614088e+000
1.541200000000000e+000 -4.155296537013551e+000
1.541250000000000e+000 -3.025826729417900e+000
1.541300000000000e+000 -1.319436831285706e+000
1.541350000000000e+000 2.393930049058654e-001
1.541400000000000e+000 1.129738016833191e+000
1.541450000000000e+000 1.123943258022706e+000
1.541500000000000e+000 3.497771331030494e-001
1.541550000000000e+000 -7.373401171140617e-001
1.541600000000000e+000 -1.538924292638636e+000
1.541650000000000e+000 -1.579103715020281e+000
1.541700000000000e+000 -6.826542519516151e-001
1.541750000000000e+000 1.008675511399297e+000
1.541800000000000e+000 3.100360563779713e+000
1.541850000000000e+000 4.987711836955472e+000
1.541900000000000e+000 5.906119994916931e+000
1.541950000000000e+000 5.158863417310844e+000
1.542000000000000e+000 2.604100707400339e+000
1.542050000000000e+000 -9.445970073438633e-001
1.542100000000000e+000 -3.985328320975791e+000
1.542150000000000e+000 -5.208741005391571e+000
1.542200000000000e+000 -4.139709625466222e+000
1.542250000000000e+000 -1.006397510577277e+000
1.542300000000000e+000 3.760160981168343e+000
1.542350000000000e+000 9.726946527129462e+000
1.542400000000000e+000 1.599968723321764e+001
1.542450000000000e+000 2.019866698737408e+001
1.542500000000000e+000 1.840277604969870e+001
1.542550000000000e+000 8.752974625101867e+000
1.542600000000000e+000 -4.081294106688299e+000
1.542650000000000e+000 -1.202493230781579e+001
1.542700000000000e+000 -1.181508727237377e+001
1.542750000000000e+000 -6.510564308500697e+000
1.542800000000000e+000 -6.977114731271841e-001
1.542850000000000e+000 2.475598231395135e+000
1.542900000000000e+000 1.642872674297816e+000
1.542950000000000e+000 -2.511155044372687e+000
1.543000000000000e+000 -7.456686245021271e+000
1.543050000000000e+000 -1.053262706713865e+001
1.543100000000000e+000 -1.074670156650196e+001
1.543150000000000e+000 -8.814014518122923e+000
1.543200000000000e+000 -5.990397600537903e+000
1.543250000000000e+000 -3.232211257511396e+000
1.543300000000000e+000 -1.061444427449320e+000
1.543350000000000e+000 2.895225186828973e-001
1.543400000000000e+000 7.703295755682365e-001
1.543450000000000e+000 4.906270711532919e-001
1.543500000000000e+000 -2.859406985026562e-001
1.543550000000000e+000 -1.201169655573996e+000
1.543600000000000e+000 -1.918736631972509e+000
1.543650000000000e+000 -2.234525789285511e+000
1.543700000000000e+000 -2.116316817230397e+000
1.543750000000000e+000 -1.666546434437978e+000
1.543800000000000e+000 -1.051151351180542e+000
1.543850000000000e+000 -4.376147437528337e-001
1.543900000000000e+000 4.238792633481948e-002
1.543950000000000e+000 3.108582760280840e-001
1.544000000000000e+000 3.497865601781748e-001
1.544050000000000e+000 1.978207739044043e-001
1.544100000000000e+000 -6.465581522054721e-002
1.544150000000000e+000 -3.411961122581018e-001
1.544200000000000e+000 -5.484271776804199e-001
1.544250000000000e+000 -6.379766971354953e-001
1.544300000000000e+000 -6.038808717188315e-001
1.544350000000000e+000 -4.755783958497330e-001
1.544400000000000e+000 -3.023273327954690e-001
1.544450000000000e+000 -1.360046994507308e-001
1.544500000000000e+000 -1.713505819786765e-002
1.544550000000000e+000 3.356079685483607e-002
1.544600000000000e+000 1.741822885479941e-002
1.544650000000000e+000 -4.580590762505004e-002
1.544700000000000e+000 -1.260610286188207e-001
1.544750000000000e+000 -1.930510884306926e-001
1.544800000000000e+000 -2.250514925615725e-001
1.544850000000000e+000 -2.139439318335570e-001
1.544900000000000e+000 -1.654945801966439e-001
1.544950000000000e+000 -9.560681151831561e-002
1.545000000000000e+000 -2.434124533314643e-002
1.545050000000000e+000 3.028999678028657e-002
1.545100000000000e+000 5.711297698444103e-002
1.545150000000000e+000 5.413138991406426e-002
1.545200000000000e+000 2.806965167400176e-002
1.545250000000000e+000 -8.507666121869532e-003
1.545300000000000e+000 -4.148532499187242e-002
1.545350000000000e+000 -5.952165997943782e-002
1.545400000000000e+000 -5.712378168566364e-002
1.545450000000000e+000 -3.570099059955149e-002
1.545500000000000e+000 -2.524026510482281e-003
1.545550000000000e+000 3.187374055814725e-002
1.545600000000000e+000 5.697141327556127e-002
1.545650000000000e+000 6.526798224286531e-002
1.545700000000000e+000 5.423924302068770e-002
1.545750000000000e+000 2.678075016130006e-002
1.545800000000000e+000 -9.908394004708424e-003
1.545850000000000e+000 -4.661454416047109e-002
1.545900000000000e+000 -7.486205529340254e-002
1.545950000000000e+000 -8.931748856746953e-002
1.546000000000000e+000 -8.918467653587223e-002
1.546050000000000e+000 -7.826537303388090e-002
1.546100000000000e+000 -6.375049545589909e-002
1.546150000000000e+000 -5.413295462617525e-002
1.546200000000000e+000 -5.682843211426829e-002
1.546250000000000e+000 -7.613686147217308e-002
1.546300000000000e+000 -1.120789068081630e-001
1.546350000000000e+000 -1.604141106676592e-001
1.546400000000000e+000 -2.138309879341685e-001
1.546450000000000e+000 -2.639715611135542e-001
1.546500000000000e+000 -3.037139007173885e-001
1.546550000000000e+000 -3.290681092903654e-001
1.546600000000000e+000 -3.401660118863090e-001
1.546650000000000e+000 -3.410948598693351e-001
1.546700000000000e+000 -3.386498570751346e-001
1.546750000000000e+000 -3.403664995329001e-001
1.546800000000000e+000 -3.523748075313404e-001
1.546850000000000e+000 -3.776585934892002e-001
1.546900000000000e+000 -4.151960815849622e-001
1.546950000000000e+000 -4.602229617531308e-001
1.547000000000000e+000 -5.055482212458730e-001
1.547050000000000e+000 -5.435514547108221e-001
1.547100000000000e+000 -5.682926758356204e-001
1.547150000000000e+000 -5.771386410517213e-001
1.547200000000000e+000 -5.714604857602365e-001
1.547250000000000e+000 -5.562307316308948e-001
1.547300000000000e+000 -5.386532034298657e-001
1.547350000000000e+000 -5.262106703549254e-001
1.547400000000000e+000 -5.246548864543367e-001
1.547450000000000e+000 -5.364686730110315e-001
1.547500000000000e+000 -5.602035661140099e-001
1.547550000000000e+000 -5.908670488881580e-001
1.547600000000000e+000 -6.212531980247222e-001
1.547650000000000e+000 -6.438541078523128e-001
1.547700000000000e+000 -6.528337750515164e-001
1.547750000000000e+000 -6.455404230351824e-001
1.547800000000000e+000 -6.231758484660663e-001
1.547850000000000e+000 -5.904788935574007e-001
1.547900000000000e+000 -5.545374889644016e-001
1.547950000000000e+000 -5.230507553709040e-001
1.548000000000000e+000 -5.024775713989969e-001
1.548050000000000e+000 -4.965179945791767e-001
1.548100000000000e+000 -5.052852071080056e-001
1.548150000000000e+000 -5.253571196364827e-001
1.548200000000000e+000 -5.506817218841926e-001
1.548250000000000e+000 -5.740976469992376e-001
1.548300000000000e+000 -5.890785146183513e-001
1.548350000000000e+000 -5.912623934630130e-001
1.548400000000000e+000 -5.793998314811438e-001
1.548450000000000e+000 -5.555193376483282e-001
1.548500000000000e+000 -5.243135834998514e-001
1.548550000000000e+000 -4.919344461999673e-001
1.548600000000000e+000 -4.645082811292923e-001
1.548650000000000e+000 -4.467261128073611e-001
1.548700000000000e+000 -4.408279432280035e-001
1.548750000000000e+000 -4.461990149243670e-001
1.548800000000000e+000 -4.596496063506779e-001
1.548850000000000e+000 -4.762885115407115e-001
1.548900000000000e+000 -4.907607175096025e-001
1.548950000000000e+000 -4.985381279921002e-001
1.549000000000000e+000 -4.969513034161658e-001
1.549050000000000e+000 -4.857288145188096e-001
1.549100000000000e+000 -4.669434218611083e-001
1.549150000000000e+000 -4.444116460247783e-001
1.549200000000000e+000 -4.227172270718715e-001
1.549250000000000e+000 -4.061037003192339e-001
1.549300000000000e+000 -3.974965681803238e-001
1.549350000000000e+000 -3.978737583767694e-001
1.549400000000000e+000 -4.061157659177453e-001
1.549450000000000e+000 -4.193526317516145e-001
1.549500000000000e+000 -4.337082214771771e-001
1.549550000000000e+000 -4.452506669480407e-001
1.549600000000000e+000 -4.509145350969809e-001
1.549650000000000e+000 -4.491763605212601e-001
1.549700000000000e+000 -4.403347353331584e-001
1.549750000000000e+000 -4.263481449361110e-001
1.549800000000000e+000 -4.102902475792466e-001
1.549850000000000e+000 -3.955675613576739e-001
1.549900000000000e+000 -3.850915142557267e-001
1.549950000000000e+000 -3.805989297549381e-001
1.550000000000000e+000 -3.822746026634787e-001
1.550050000000000e+000 -3.887564552720131e-001
1.550100000000000e+000 -3.975134758568626e-001
1.550150000000000e+000 -4.054991354742035e-001
1.550200000000000e+000 -4.099190933923244e-001
1.550250000000000e+000 -4.089276046375463e-001
1.550300000000000e+000 -4.020878138122707e-001
1.550350000000000e+000 -3.904906397006944e-001
1.550400000000000e+000 -3.765087950795968e-001
1.550450000000000e+000 -3.632461047784696e-001
1.550500000000000e+000 -3.538093703853952e-001
1.550550000000000e+000 -3.505677588399290e-001
1.550600000000000e+000 -3.545669959216048e-001
1.550650000000000e+000 -3.652325979755181e-001
1.550700000000000e+000 -3.804339793522146e-001
1.550750000000000e+000 -3.969016147410091e-001
1.550800000000000e+000 -4.109095150994255e-001
1.550850000000000e+000 -4.190742445665769e-001
1.550900000000000e+000 -4.190950755928319e-001
1.550950000000000e+000 -4.102741346354445e-001
1.551000000000000e+000 -3.937057699001379e-001
1.551050000000000e+000 -3.720968488109709e-001
1.551100000000000e+000 -3.492563681177104e-001
1.551150000000000e+000 -3.293577010391509e-001
1.551200000000000e+000 -3.161193577187220e-001
1.551250000000000e+000 -3.120648805586856e-001
1.551300000000000e+000 -3.180081623636428e-001
1.551350000000000e+000 -3.328689463826084e-001
1.551400000000000e+000 -3.538599284399914e-001
1.551450000000000e+000 -3.770123165987609e-001
1.551500000000000e+000 -3.979361506162865e-001
1.551550000000000e+000 -4.126618317449726e-001
1.551600000000000e+000 -4.183932414279318e-001
1.551650000000000e+000 -4.140245089247253e-001
1.551700000000000e+000 -4.003253602729281e-001
1.551750000000000e+000 -3.797695916792661e-001
1.551800000000000e+000 -3.560506213189499e-001
1.551850000000000e+000 -3.333835486365911e-001
1.551900000000000e+000 -3.157268447634635e-001
1.551950000000000e+000 -3.060661112063183e-001
1.552000000000000e+000 -3.058880699566774e-001
1.552050000000000e+000 -3.149378474793876e-001
1.552100000000000e+000 -3.313010756055955e-001
1.552150000000000e+000 -3.517918173669653e-001
1.552200000000000e+000 -3.725687482814044e-001
1.552250000000000e+000 -3.898577840376024e-001
1.552300000000000e+000 -4.006402618019408e-001
1.552350000000000e+000 -4.031767365956984e-001
1.552400000000000e+000 -3.972740933300483e-001
1.552450000000000e+000 -3.842580477493552e-001
1.552500000000000e+000 -3.666708377682375e-001
1.552550000000000e+000 -3.477628795703708e-001
1.552600000000000e+000 -3.308795683064867e-001
1.552650000000000e+000 -3.188569266466064e-001
1.552700000000000e+000 -3.135328681265993e-001
1.552750000000000e+000 -3.154569581828063e-001
1.552800000000000e+000 -3.238445197218099e-001
1.552850000000000e+000 -3.367762269245505e-001
1.552900000000000e+000 -3.515992389456489e-001
1.552950000000000e+000 -3.654488719662344e-001
1.553000000000000e+000 -3.757887508669514e-001
1.553050000000000e+000 -3.808670280711147e-001
1.553100000000000e+000 -3.800064239096442e-001
1.553150000000000e+000 -3.736814362465303e-001
1.553200000000000e+000 -3.633785179309124e-001
1.553250000000000e+000 -3.512751748312613e-001
1.553300000000000e+000 -3.398046404716678e-001
1.553350000000000e+000 -3.311897031208498e-001
1.553400000000000e+000 -3.270309490782180e-001
1.553450000000000e+000 -3.280221298699010e-001
1.553500000000000e+000 -3.338410087027744e-001
1.553550000000000e+000 -3.432316858525853e-001
1.553600000000000e+000 -3.542593397660133e-001
1.553650000000000e+000 -3.646867984594995e-001
1.553700000000000e+000 -3.724004696702165e-001
1.553750000000000e+000 -3.758055269738550e-001
1.553800000000000e+000 -3.741182092441754e-001
1.553850000000000e+000 -3.675045736712029e-001
1.553900000000000e+000 -3.570449561697802e-001
1.553950000000000e+000 -3.445352004870752e-001
1.554000000000000e+000 -3.321637094459813e-001
1.554050000000000e+000 -3.221230847087497e-001
1.554100000000000e+000 -3.162242606492776e-001
1.554150000000000e+000 -3.155791508367393e-001
1.554200000000000e+000 -3.204055127754655e-001
1.554250000000000e+000 -3.299867944221377e-001
1.554300000000000e+000 -3.427932013607582e-001
1.554350000000000e+000 -3.567421992563917e-001
1.554400000000000e+000 -3.695521785323183e-001
1.554450000000000e+000 -3.791268971193658e-001
1.554500000000000e+000 -3.839038550693698e-001
1.554550000000000e+000 -3.831078066248028e-001
1.554600000000000e+000 -3.768690575595162e-001
1.554650000000000e+000 -3.661908312556198e-001
1.554700000000000e+000 -3.527757220674521e-001
1.554750000000000e+000 -3.387435216308017e-001
1.554800000000000e+000 -3.262883806641174e-001
1.554850000000000e+000 -3.173307914511086e-001
1.554900000000000e+000 -3.132189515059726e-001
1.554950000000000e+000 -3.145253609766853e-001
1.555000000000000e+000 -3.209692127297179e-001
1.555050000000000e+000 -3.314751164696981e-001
1.555100000000000e+000 -3.443568419568900e-001
1.555150000000000e+000 -3.575944559580651e-001
1.555200000000000e+000 -3.691581106161708e-001
1.555250000000000e+000 -3.773248602773610e-001
1.555300000000000e+000 -3.809375119036560e-001
1.555350000000000e+000 -3.795660004484054e-001
1.555400000000000e+000 -3.735495100347619e-001
1.555450000000000e+000 -3.639178061894600e-001
1.555500000000000e+000 -3.522093392469859e-001
1.555550000000000e+000 -3.402185369370001e-001
1.555600000000000e+000 -3.297136414061094e-001
1.555650000000000e+000 -3.221689169544106e-001
1.555700000000000e+000 -3.185511618967136e-001
1.555750000000000e+000 -3.191911773915908e-001
1.555800000000000e+000 -3.237574180507253e-001
1.555850000000000e+000 -3.313331388010897e-001
1.555900000000000e+000 -3.405823036081397e-001
1.555950000000000e+000 -3.499757737861516e-001
1.556000000000000e+000 -3.580401855480271e-001
1.556050000000000e+000 -3.635892097511340e-001
1.556100000000000e+000 -3.659009540515173e-001
1.556150000000000e+000 -3.648152300518827e-001
1.556200000000000e+000 -3.607382333537010e-001
1.556250000000000e+000 -3.545572495495399e-001
1.556300000000000e+000 -3.474818130428609e-001
1.556350000000000e+000 -3.408382338127167e-001
1.556400000000000e+000 -3.358504135171195e-001
1.556450000000000e+000 -3.334409311710841e-001
1.556500000000000e+000 -3.340825820530226e-001
1.556550000000000e+000 -3.377225738566930e-001
1.556600000000000e+000 -3.437904530537340e-001
1.556650000000000e+000 -3.512880038037234e-001
1.556700000000000e+000 -3.589467787424501e-001
1.556750000000000e+000 -3.654284886250151e-001
1.556800000000000e+000 -3.695369746288309e-001
1.556850000000000e+000 -3.704091073706958e-001
1.556900000000000e+000 -3.676557217390780e-001
1.556950000000000e+000 -3.614318930431047e-001
1.557000000000000e+000 -3.524268476111236e-001
1.557050000000000e+000 -3.417756358126204e-001
1.557100000000000e+000 -3.309056715441914e-001
1.557150000000000e+000 -3.213398671306676e-001
1.557200000000000e+000 -3.144836207852810e-001
1.557250000000000e+000 -3.114248720771139e-001
1.557300000000000e+000 -3.127747387664560e-001
1.557350000000000e+000 -3.185711299824230e-001
1.557400000000000e+000 -3.282595087007329e-001
1.557450000000000e+000 -3.407545866845594e-001
1.557500000000000e+000 -3.545754486919108e-001
1.557550000000000e+000 -3.680360034304770e-001
1.557600000000000e+000 -3.794645675976645e-001
1.557650000000000e+000 -3.874222606173277e-001
1.557700000000000e+000 -3.908904011916622e-001
1.557750000000000e+000 -3.894021004864785e-001
1.557800000000000e+000 -3.831017195244857e-001
1.557850000000000e+000 -3.727261069821052e-001
1.557900000000000e+000 -3.595118824996076e-001
1.557950000000000e+000 -3.450420365307164e-001
1.558000000000000e+000 -3.310518122856307e-001
1.558050000000000e+000 -3.192178613939941e-001
1.558100000000000e+000 -3.109559170908569e-001
1.558150000000000e+000 -3.072508753290554e-001
1.558200000000000e+000 -3.085393848271940e-001
1.558250000000000e+000 -3.146590319305345e-001
1.558300000000000e+000 -3.248703975295267e-001
1.558350000000000e+000 -3.379493531894989e-001
1.558400000000000e+000 -3.523380375769702e-001
1.558450000000000e+000 -3.663352441537042e-001
1.558500000000000e+000 -3.783018139966882e-001
1.558550000000000e+000 -3.868549650855861e-001
1.558600000000000e+000 -3.910275836482389e-001
1.558650000000000e+000 -3.903739181169005e-001
1.558700000000000e+000 -3.850107872942556e-001
1.558750000000000e+000 -3.755920172674068e-001
1.558800000000000e+000 -3.632219151188432e-001
1.558850000000000e+000 -3.493202319170615e-001
1.558900000000000e+000 -3.354556715247640e-001
1.558950000000000e+000 -3.231674118928681e-001
1.559000000000000e+000 -3.137944369330361e-001
1.559050000000000e+000 -3.083309473688962e-001
1.559100000000000e+000 -3.073230089000650e-001
1.559150000000000e+000 -3.108170360393801e-001
1.559200000000000e+000 -3.183650641283892e-001
1.559250000000000e+000 -3.290854285731023e-001
1.559300000000000e+000 -3.417710727730871e-001
1.559350000000000e+000 -3.550321006294368e-001
1.559400000000000e+000 -3.674551770413053e-001
1.559450000000000e+000 -3.777606494589908e-001
1.559500000000000e+000 -3.849391100759616e-001
1.559550000000000e+000 -3.883523504660574e-001
1.559600000000000e+000 -3.877887295111365e-001
1.559650000000000e+000 -3.834689955819459e-001
1.559700000000000e+000 -3.760045677565019e-001
1.559750000000000e+000 -3.663154935871708e-001
1.559800000000000e+000 -3.555191622141365e-001
1.559850000000000e+000 -3.448031390272657e-001
1.559900000000000e+000 -3.352962419916509e-001
1.559950000000000e+000 -3.279513228963188e-001
1.560000000000000e+000 -3.234514151300618e-001
1.560050000000000e+000 -3.221480900236350e-001
1.560100000000000e+000 -3.240373609725468e-001
1.560150000000000e+000 -3.287744810551459e-001
1.560200000000000e+000 -3.357248100352287e-001
1.560250000000000e+000 -3.440441167638066e-001
1.560300000000000e+000 -3.527785290554453e-001
1.560350000000000e+000 -3.609723585599098e-001
1.560400000000000e+000 -3.677715345396010e-001
1.560450000000000e+000 -3.725113372125987e-001
1.560500000000000e+000 -3.747794305971354e-001
1.560550000000000e+000 -3.744484976785025e-001
1.560600000000000e+000 -3.716765307003432e-001
1.560650000000000e+000 -3.668765123602440e-001
1.560700000000000e+000 -3.606604094779661e-001
1.560750000000000e+000 -3.537647969199610e-001
1.560800000000000e+000 -3.469668620033444e-001
1.560850000000000e+000 -3.409999698720354e-001
1.560900000000000e+000 -3.364775197265872e-001
1.560950000000000e+000 -3.338325999584426e-001
1.561000000000000e+000 -3.332790561911393e-001
1.561050000000000e+000 -3.347972376746041e-001
1.561100000000000e+000 -3.381451022622723e-001
1.561150000000000e+000 -3.428926908660324e-001
1.561200000000000e+000 -3.484755801472013e-001
1.561250000000000e+000 -3.542610044834439e-001
1.561300000000000e+000 -3.596191067982387e-001
1.561350000000000e+000 -3.639914855165084e-001
1.561400000000000e+000 -3.669497294146189e-001
1.561450000000000e+000 -3.682380102800714e-001
1.561500000000000e+000 -3.677958090470718e-001
1.561550000000000e+000 -3.657590813081993e-001
1.561600000000000e+000 -3.624405447406653e-001
1.561650000000000e+000 -3.582918965507571e-001
1.561700000000000e+000 -3.538524091823304e-001
1.561750000000000e+000 -3.496895290582666e-001
1.561800000000000e+000 -3.463376700000013e-001
1.561850000000000e+000 -3.442413389776290e-001
1.561900000000000e+000 -3.437081630160877e-001
1.561950000000000e+000 -3.448763288701897e-001
1.562000000000000e+000 -3.476994772791232e-001
1.562050000000000e+000 -3.519503903390430e-001
1.562100000000000e+000 -3.572429438541785e-001
1.562150000000000e+000 -3.630699787532565e-001
1.562200000000000e+000 -3.688532007594209e-001
1.562250000000000e+000 -3.740000335535733e-001
1.562300000000000e+000 -3.779617328998847e-001
1.562350000000000e+000 -3.802870809329547e-001
1.562400000000000e+000 -3.806665553299802e-001
1.562450000000000e+000 -3.789629708092930e-001
1.562500000000000e+000 -3.752260314929647e-001
1.562550000000000e+000 -3.696898407828949e-001
1.562600000000000e+000 -3.627539879017716e-001
1.562650000000000e+000 -3.549502388651629e-001
1.562700000000000e+000 -3.468980072928423e-001
1.562750000000000e+000 -3.392525556516653e-001
1.562800000000000e+000 -3.326503379486312e-001
1.562850000000000e+000 -3.276559997394829e-001
1.562900000000000e+000 -3.247153461173105e-001
1.562950000000000e+000 -3.241180767672524e-001
1.563000000000000e+000 -3.259732976495314e-001
1.563050000000000e+000 -3.301998248328983e-001
1.563100000000000e+000 -3.365320708062585e-001
1.563150000000000e+000 -3.445410076119539e-001
1.563200000000000e+000 -3.536684105666622e-001
1.563250000000000e+000 -3.632713858761383e-001
1.563300000000000e+000 -3.726733151788652e-001
1.563350000000000e+000 -3.812168038897899e-001
1.563400000000000e+000 -3.883141057790047e-001
1.563450000000000e+000 -3.934908886717537e-001
1.563500000000000e+000 -3.964199316107379e-001
1.563550000000000e+000 -3.969423734508297e-001
1.563600000000000e+000 -3.950753413806032e-001
1.563650000000000e+000 -3.910059889116888e-001
1.563700000000000e+000 -3.850730523004822e-001
1.563750000000000e+000 -3.777379250065021e-001
1.563800000000000e+000 -3.695479087324889e-001
1.563850000000000e+000 -3.610946606940810e-001
1.563900000000000e+000 -3.529709978828434e-001
1.563950000000000e+000 -3.457291568143653e-001
1.564000000000000e+000 -3.398433345771161e-001
1.564050000000000e+000 -3.356789596330870e-001
1.564100000000000e+000 -3.334706049322180e-001
1.564150000000000e+000 -3.333098345687547e-001
1.564200000000000e+000 -3.351435993826715e-001
1.564250000000000e+000 -3.387830167333501e-001
1.564300000000000e+000 -3.439216447878414e-001
1.564350000000000e+000 -3.501616748898626e-001
1.564400000000000e+000 -3.570458735529984e-001
1.564450000000000e+000 -3.640927040430110e-001
1.564500000000000e+000 -3.708318630021931e-001
1.564550000000000e+000 -3.768375363826653e-001
1.564600000000000e+000 -3.817569470685432e-001
1.564650000000000e+000 -3.853322403860007e-001
1.564700000000000e+000 -3.874144017617259e-001
1.564750000000000e+000 -3.879685909529567e-001
1.564800000000000e+000 -3.870709586592174e-001
1.564850000000000e+000 -3.848976578775835e-001
1.564900000000000e+000 -3.817072866946413e-001
1.564950000000000e+000 -3.778183765708500e-001
1.565000000000000e+000 -3.735837681808952e-001
1.565050000000000e+000 -3.693638030790613e-001
1.565100000000000e+000 -3.655002313148395e-001
1.565150000000000e+000 -3.622925639680873e-001
1.565200000000000e+000 -3.599783479342330e-001
1.565250000000000e+000 -3.587185406636579e-001
1.565300000000000e+000 -3.585887790481252e-001
1.565350000000000e+000 -3.595769119032384e-001
1.565400000000000e+000 -3.615867640461044e-001
1.565450000000000e+000 -3.644476756775507e-001
1.565500000000000e+000 -3.679289626943266e-001
1.565550000000000e+000 -3.717581554146908e-001
1.565600000000000e+000 -3.756416161929602e-001
1.565650000000000e+000 -3.792860121185866e-001
1.565700000000000e+000 -3.824191246441687e-001
1.565750000000000e+000 -3.848085740953501e-001
1.565800000000000e+000 -3.862772450686228e-001
1.565850000000000e+000 -3.867144880240651e-001
1.565900000000000e+000 -3.860825252199777e-001
1.565950000000000e+000 -3.844178292035296e-001
1.566000000000000e+000 -3.818276053945204e-001
1.566050000000000e+000 -3.784818143559816e-001
1.566100000000000e+000 -3.746014218163087e-001
1.566150000000000e+000 -3.704437638195887e-001
1.566200000000000e+000 -3.662860248052406e-001
1.566250000000000e+000 -3.624078929536134e-001
1.566300000000000e+000 -3.590744403151054e-001
1.566350000000000e+000 -3.565202292269946e-001
1.566400000000000e+000 -3.549355322025107e-001
1.566450000000000e+000 -3.544554043125316e-001
1.566500000000000e+000 -3.551521899734791e-001
1.566550000000000e+000 -3.570318226689955e-001
1.566600000000000e+000 -3.600340608699112e-001
1.566650000000000e+000 -3.640365724466356e-001
1.566700000000000e+000 -3.688625558777188e-001
1.566750000000000e+000 -3.742913834316987e-001
1.566800000000000e+000 -3.800715588989930e-001
1.566850000000000e+000 -3.859351685712634e-001
1.566900000000000e+000 -3.916129274541445e-001
1.566950000000000e+000 -3.968489049283593e-001
1.567000000000000e+000 -4.014140772818917e-001
1.567050000000000e+000 -4.051179518468830e-001
1.567100000000000e+000 -4.078176680145612e-001
1.567150000000000e+000 -4.094241745520317e-001
1.567200000000000e+000 -4.099052672409450e-001
1.567250000000000e+000 -4.092854812976483e-001
1.567300000000000e+000 -4.076430103887324e-001
1.567350000000000e+000 -4.051039740785536e-001
1.567400000000000e+000 -4.018344930495042e-001
1.567450000000000e+000 -3.980310842519058e-001
1.567500000000000e+000 -3.939099511081146e-001
1.567550000000000e+000 -3.896957694955002e-001
1.567600000000000e+000 -3.856105201491980e-001
1.567650000000000e+000 -3.818629074084144e-001
1.567700000000000e+000 -3.786388361529953e-001
1.567750000000000e+000 -3.760933397442360e-001
1.567800000000000e+000 -3.743442840016766e-001
1.567850000000000e+000 -3.734680646253053e-001
1.567900000000000e+000 -3.734974335476893e-001
1.567950000000000e+000 -3.744214774847400e-001
1.568000000000000e+000 -3.761876736070909e-001
1.568050000000000e+000 -3.787058659280768e-001
1.568100000000000e+000 -3.818538973665333e-001
1.568150000000000e+000 -3.854845685891542e-001
1.568200000000000e+000 -3.894335435498849e-001
1.568250000000000e+000 -3.935277675131655e-001
1.568300000000000e+000 -3.975939710839954e-001
1.568350000000000e+000 -4.014668339561121e-001
1.568400000000000e+000 -4.049964162007670e-001
1.568450000000000e+000 -4.080545371292216e-001
1.568500000000000e+000 -4.105398300593963e-001
1.568550000000000e+000 -4.123813038567824e-001
1.568600000000000e+000 -4.135403269670335e-001
1.568650000000000e+000 -4.140110169779389e-001
1.568700000000000e+000 -4.138191212968601e-001
1.568750000000000e+000 -4.130195323281349e-001
1.568800000000000e+000 -4.116926215128035e-001
1.568850000000000e+000 -4.099396386615525e-001
1.568900000000000e+000 -4.078774297475191e-001
1.568950000000000e+000 -4.056327382250571e-001
1.569000000000000e+000 -4.033363633958410e-001
1.569050000000000e+000 -4.011174170428395e-001
1.569100000000000e+000 -3.990979156952341e-001
1.569150000000000e+000 -3.973879069467395e-001
1.569200000000000e+000 -3.960812950527429e-001
1.569250000000000e+000 -3.952525099274675e-001
1.569300000000000e+000 -3.949540974683953e-001
1.569350000000000e+000 -3.952152921011445e-001
1.569400000000000e+000 -3.960415946807664e-001
1.569450000000000e+000 -3.974153122690975e-001
1.569500000000000e+000 -3.992970135645453e-001
1.569550000000000e+000 -4.016278023598917e-001
1.569600000000000e+000 -4.043322743990709e-001
1.569650000000000e+000 -4.073220220629996e-001
1.569700000000000e+000 -4.104995139233844e-001
1.569750000000000e+000 -4.137621793182256e-001
1.569800000000000e+000 -4.170065204483657e-001
1.569850000000000e+000 -4.201320824403450e-001
1.569900000000000e+000 -4.230451311808392e-001
1.569950000000000e+000 -4.256619036271594e-001
1.570000000000000e+000 -4.279113217065895e-001
1.570050000000000e+000 -4.297370895612158e-001
1.570100000000000e+000 -4.310991379873860e-001
1.570150000000000e+000 -4.319743858255474e-001
1.570200000000000e+000 -4.323568346098426e-001
1.570250000000000e+000 -4.322570439414029e-001
1.570300000000000e+000 -4.317010354477122e-001
1.570350000000000e+000 -4.307287079224794e-001
1.570400000000000e+000 -4.293918545567295e-001
1.570450000000000e+000 -4.277518769108940e-001
1.570500000000000e+000 -4.258772938899760e-001
1.570550000000000e+000 -4.238411439660373e-001
1.570600000000000e+000 -4.217183778757703e-001
1.570650000000000e+000 -4.195833211351748e-001
1.570700000000000e+000 -4.175072878590418e-001
1.570750000000000e+000 -4.155564139410486e-001
1.570800000000000e+000 -4.137897576310234e-001
1.570850000000000e+000 -4.122577158255424e-001
1.570900000000000e+000 -4.110007861212503e-001
1.570950000000000e+000 -4.100486914889651e-001
1.571000000000000e+000 -4.094198748696261e-001
1.571050000000000e+000 -4.091213617603102e-001
1.571100000000000e+000 -4.091489727595927e-001
1.571150000000000e+000 -4.094878660603836e-001
1.571200000000000e+000 -4.101133746143766e-001
1.571250000000000e+000 -4.109920971539180e-001
1.571300000000000e+000 -4.120832011625019e-001
1.571350000000000e+000 -4.133398850817749e-001
1.571400000000000e+000 -4.147109488052271e-001
1.571450000000000e+000 -4.161424165163666e-001
1.571500000000000e+000 -4.175791639163167e-001
1.571550000000000e+000 -4.189664985937575e-001
1.571600000000000e+000 -4.202516476577075e-001
1.571650000000000e+000 -4.213851145685263e-001
1.571700000000000e+000 -4.223218718972909e-001
1.571750000000000e+000 -4.230223643287201e-001
1.571800000000000e+000 -4.234533056768286e-001
1.571850000000000e+000 -4.235882591756757e-001
1.571900000000000e+000 -4.234079976544369e-001
1.571950000000000e+000 -4.229006512704303e-001
1.572000000000000e+000 -4.220616514555406e-001
1.572050000000000e+000 -4.208934878658718e-001
1.572100000000000e+000 -4.194053002435378e-001
1.572150000000000e+000 -4.176123261712854e-001
1.572200000000000e+000 -4.155352307331008e-001
1.572250000000000e+000 -4.131993468429818e-001
1.572300000000000e+000 -4.106338502736637e-001
1.572350000000000e+000 -4.078708963410943e-001
1.572400000000000e+000 -4.049447400579178e-001
1.572450000000000e+000 -4.018908656703290e-001
1.572500000000000e+000 -3.987451457165298e-001
1.572550000000000e+000 -3.955430419502983e-001
1.572600000000000e+000 -3.923188689441025e-001
1.572650000000000e+000 -3.891051293151666e-001
1.572700000000000e+000 -3.859319302101374e-001
1.572750000000000e+000 -3.828264876885900e-001
1.572800000000000e+000 -3.798127230215506e-001
1.572850000000000e+000 -3.769109553266962e-001
1.572900000000000e+000 -3.741376847807322e-001
1.572950000000000e+000 -3.715054679483086e-001
1.573000000000000e+000 -3.690228839216088e-001
1.573050000000000e+000 -3.666945799953047e-001
1.573100000000000e+000 -3.645213943477145e-001
1.573150000000000e+000 -3.625005491625854e-001
1.573200000000000e+000 -3.606259024403433e-001
1.573250000000000e+000 -3.588882516577958e-001
1.573300000000000e+000 -3.572756829853268e-001
1.573350000000000e+000 -3.557739528497664e-001
1.573400000000000e+000 -3.543668924024148e-001
1.573450000000000e+000 -3.530368306959931e-001
1.573500000000000e+000 -3.517650226226575e-001
1.573550000000000e+000 -3.505320742180893e-001
1.573600000000000e+000 -3.493183581261479e-001
1.573650000000000e+000 -3.481044120301108e-001
1.573700000000000e+000 -3.468713107739223e-001
1.573750000000000e+000 -3.456010081843201e-001
1.573800000000000e+000 -3.442766443920033e-001
1.573850000000000e+000 -3.428828105315751e-001
1.573900000000000e+000 -3.414057729064999e-001
1.573950000000000e+000 -3.398336519323372e-001
1.574000000000000e+000 -3.381565555581970e-001
1.574050000000000e+000 -3.363666673503534e-001
1.574100000000000e+000 -3.344582915637475e-001
1.574150000000000e+000 -3.324278586147511e-001
1.574200000000000e+000 -3.302738912673373e-001
1.574250000000000e+000 -3.279969384702147e-001
1.574300000000000e+000 -3.255994791343623e-001
1.574350000000000e+000 -3.230858014245631e-001
1.574400000000000e+000 -3.204618608273788e-001
1.574450000000000e+000 -3.177351211595786e-001
1.574500000000000e+000 -3.149143841639149e-001
1.574550000000000e+000 -3.120096078362066e-001
1.574600000000000e+000 -3.090317195687249e-001
1.574650000000000e+000 -3.059924250498262e-001
1.574700000000000e+000 -3.029040159562846e-001
1.574750000000000e+000 -2.997791792212043e-001
1.574800000000000e+000 -2.966308077739892e-001
1.574850000000000e+000 -2.934718170790930e-001
1.574900000000000e+000 -2.903149688608329e-001
1.574950000000000e+000 -2.871727051116159e-001
1.575000000000000e+000 -2.840569940927786e-001
1.575050000000000e+000 -2.809791897531520e-001
1.575100000000000e+000 -2.779499092317867e-001
1.575150000000000e+000 -2.749789281418594e-001
1.575200000000000e+000 -2.720750944920958e-001
1.575250000000000e+000 -2.692462628308187e-001
1.575300000000000e+000 -2.664992453088449e-001
1.575350000000000e+000 -2.638397821333951e-001
1.575400000000000e+000 -2.612725292503603e-001
1.575450000000000e+000 -2.588010562681627e-001
1.575500000000000e+000 -2.564278575048878e-001
1.575550000000000e+000 -2.541543721195985e-001
1.575600000000000e+000 -2.519810096470254e-001
1.575650000000000e+000 -2.499071804285400e-001
1.575700000000000e+000 -2.479313302377812e-001
1.575750000000000e+000 -2.460509825199524e-001
1.575800000000000e+000 -2.442627845316150e-001
1.575850000000000e+000 -2.425625626907780e-001
1.575900000000000e+000 -2.409453882542301e-001
1.575950000000000e+000 -2.394056527019070e-001
1.576000000000000e+000 -2.379371557242477e-001
1.576050000000000e+000 -2.365332021929361e-001
1.576100000000000e+000 -2.351867077230729e-001
1.576150000000000e+000 -2.338903105305592e-001
1.576200000000000e+000 -2.326364834020679e-001
1.576250000000000e+000 -2.314176407560208e-001
1.576300000000000e+000 -2.302262398956088e-001
1.576350000000000e+000 -2.290548656562782e-001
1.576400000000000e+000 -2.278962987298512e-001
1.576450000000000e+000 -2.267435702185044e-001
1.576500000000000e+000 -2.255899942968113e-001
1.576550000000000e+000 -2.244291911076982e-001
1.576600000000000e+000 -2.232551054975553e-001
1.576650000000000e+000 -2.220620209736235e-001
1.576700000000000e+000 -2.208445800596891e-001
1.576750000000000e+000 -2.195978151045505e-001
1.576800000000000e+000 -2.183171872975117e-001
1.576850000000000e+000 -2.169986364165205e-001
1.576900000000000e+000 -2.156386406688176e-001
1.576950000000000e+000 -2.142342744865303e-001
1.577000000000000e+000 -2.127832585683510e-001
1.577050000000000e+000 -2.112839945068927e-001
1.577100000000000e+000 -2.097355731476434e-001
1.577150000000000e+000 -2.081377502311373e-001
1.577200000000000e+000 -2.064908894834133e-001
1.577250000000000e+000 -2.047958772504191e-001
1.577300000000000e+000 -2.030540146640149e-001
1.577350000000000e+000 -2.012669083225171e-001
1.577400000000000e+000 -1.994363688863785e-001
1.577450000000000e+000 -1.975643292888081e-001
1.577500000000000e+000 -1.956528023521058e-001
1.577550000000000e+000 -1.937038773636815e-001
1.577600000000000e+000 -1.917197543699201e-001
1.577650000000000e+000 -1.897028110690067e-001
1.577700000000000e+000 -1.876556877464515e-001
1.577750000000000e+000 -1.855813686569290e-001
1.577800000000000e+000 -1.834832315878534e-001
1.577850000000000e+000 -1.813650493152452e-001
1.577900000000000e+000 -1.792309268779599e-001
1.577950000000000e+000 -1.770851679573466e-001
1.578000000000000e+000 -1.749320869177179e-001
1.578050000000000e+000 -1.727757889936456e-001
1.578100000000000e+000 -1.706199501476979e-001
1.578150000000000e+000 -1.684676381622959e-001
1.578200000000000e+000 -1.663212064983061e-001
1.578250000000000e+000 -1.641822812888231e-001
1.578300000000000e+000 -1.620518566480334e-001
1.578350000000000e+000 -1.599304901397324e-001
1.578400000000000e+000 -1.578185673512729e-001
1.578450000000000e+000 -1.557165914265107e-001
1.578500000000000e+000 -1.536254396258965e-001
1.578550000000000e+000 -1.515465209626299e-001
1.578600000000000e+000 -1.494817828543780e-001
1.578650000000000e+000 -1.474335436107695e-001
1.578700000000000e+000 -1.454041591226911e-001
1.578750000000000e+000 -1.433955688307689e-001
1.578800000000000e+000 -1.414088040183459e-001
1.578850000000000e+000 -1.394435548660653e-001
1.578900000000000e+000 -1.374978860980676e-001
1.578950000000000e+000 -1.355681834908066e-001
1.579000000000000e+000 -1.336493778031592e-001
1.579050000000000e+000 -1.317354421284206e-001
1.579100000000000e+000 -1.298201087886951e-001
1.579150000000000e+000 -1.278976943509457e-001
1.579200000000000e+000 -1.259638741793095e-001
1.579250000000000e+000 -1.240162267766912e-001
1.579300000000000e+000 -1.220543881915194e-001
1.579350000000000e+000 -1.200797234682537e-001
1.579400000000000e+000 -1.180945166276534e-001
1.579450000000000e+000 -1.161007888827553e-001
1.579500000000000e+000 -1.140989526686901e-001
1.579550000000000e+000 -1.120865641520864e-001
1.579600000000000e+000 -1.100574448486201e-001
1.579650000000000e+000 -1.080014071352439e-001
1.579700000000000e+000 -1.059047347737768e-001
1.579750000000000e+000 -1.037514502768680e-001
1.579800000000000e+000 -1.015252446198490e-001
1.579850000000000e+000 -9.921177576855049e-002
1.579900000000000e+000 -9.680089844499752e-002
1.579950000000000e+000 -9.428830887476077e-002
1.580000000000000e+000 -9.167613235048272e-002
1.580050000000000e+000 -8.897215196109180e-002
1.580100000000000e+000 -8.618766639940231e-002
1.580150000000000e+000 -8.333428916058625e-002
1.580200000000000e+000 -8.042026985120462e-002
1.580250000000000e+000 -7.744709117233538e-002
1.580300000000000e+000 -7.440710704153572e-002
1.580350000000000e+000 -7.128285643760786e-002
1.580400000000000e+000 -6.804843453466297e-002
1.580450000000000e+000 -6.467293592305182e-002
1.580500000000000e+000 -6.112554669446497e-002
1.580550000000000e+000 -5.738140544471380e-002
1.580600000000000e+000 -5.342699538112650e-002
1.580650000000000e+000 -4.926369389090289e-002
1.580700000000000e+000 -4.490831594976148e-002
1.580750000000000e+000 -4.039006656148204e-002
1.580800000000000e+000 -3.574414115851304e-002
1.580850000000000e+000 -3.100309654188068e-002
1.580900000000000e+000 -2.618781273125159e-002
1.580950000000000e+000 -2.130019060313594e-002
1.581000000000000e+000 -1.631961460222222e-002
1.581050000000000e+000 -1.120463805271388e-002
1.581100000000000e+000 -5.900370668866046e-003
1.581150000000000e+000 -3.507788997914427e-004
1.581200000000000e+000 5.486273359210418e-003
1.581250000000000e+000 1.162458915736314e-002
1.581300000000000e+000 1.803970739702597e-002
1.581350000000000e+000 2.466695824924919e-002
1.581400000000000e+000 3.140947372599525e-002
1.581450000000000e+000 3.815577577535898e-002
1.581500000000000e+000 4.480394081805499e-002
1.581550000000000e+000 5.128712032442039e-002
1.581600000000000e+000 5.759397342808027e-002
1.581650000000000e+000 6.377767925314340e-002
1.581700000000000e+000 6.994879003993199e-002
1.581750000000000e+000 7.625023184422770e-002
1.581800000000000e+000 8.281701216175576e-002
1.581850000000000e+000 8.972797423054779e-002
1.581900000000000e+000 9.696101180536501e-002
1.581950000000000e+000 1.043649754128344e-001
1.582000000000000e+000 1.116597384460236e-001
1.582050000000000e+000 1.184702518517786e-001
1.582100000000000e+000 1.243920027171712e-001
1.582150000000000e+000 1.290762795893672e-001
1.582200000000000e+000 1.323164726823668e-001
1.582250000000000e+000 1.341131323722348e-001
1.582300000000000e+000 1.346966606646054e-001
1.582350000000000e+000 1.344927673983569e-001
1.582400000000000e+000 1.340271781195105e-001
1.582450000000000e+000 1.337816468081746e-001
1.582500000000000e+000 1.340303646267419e-001
1.582550000000000e+000 1.346992481324276e-001
1.582600000000000e+000 1.352941019694025e-001
1.582650000000000e+000 1.349328537284860e-001
1.582700000000000e+000 1.324924171688137e-001
1.582750000000000e+000 1.268485812092386e-001
1.582800000000000e+000 1.171575108666985e-001
1.582850000000000e+000 1.031091150402677e-001
1.582900000000000e+000 8.508085223980326e-002
1.582950000000000e+000 6.413636094325224e-002
1.583000000000000e+000 4.184476569947044e-002
1.583050000000000e+000 1.993992648844365e-002
1.583100000000000e+000 -1.126840840504197e-004
1.583150000000000e+000 -1.753269376518512e-002
1.583200000000000e+000 -3.249917909010772e-002
1.583250000000000e+000 -4.617771463024731e-002
1.583300000000000e+000 -6.045679935287262e-002
1.583350000000000e+000 -7.743731740449142e-002
1.583400000000000e+000 -9.880212774880914e-002
1.583450000000000e+000 -1.252427749998524e-001
1.583500000000000e+000 -1.561187886783694e-001
1.583550000000000e+000 -1.894718703472251e-001
1.583600000000000e+000 -2.224264009902633e-001
1.583650000000000e+000 -2.519003887775873e-001
1.583700000000000e+000 -2.754519404961756e-001
1.583750000000000e+000 -2.920229203452084e-001
1.583800000000000e+000 -3.023400055808678e-001
1.583850000000000e+000 -3.088086363267880e-001
1.583900000000000e+000 -3.148771580232451e-001
1.583950000000000e+000 -3.240167526513462e-001
1.584000000000000e+000 -3.385999474308807e-001
1.584050000000000e+000 -3.590163798914077e-001
1.584100000000000e+000 -3.833184748436984e-001
1.584150000000000e+000 -4.075557008137269e-001
1.584200000000000e+000 -4.267707352234899e-001
1.584250000000000e+000 -4.364380009631100e-001
1.584300000000000e+000 -4.339689169038697e-001
1.584350000000000e+000 -4.198339714990236e-001
1.584400000000000e+000 -3.978998012303519e-001
1.584450000000000e+000 -3.747651680235977e-001
1.584500000000000e+000 -3.581683052614099e-001
1.584550000000000e+000 -3.548405562469861e-001
1.584600000000000e+000 -3.683875808884879e-001
1.584650000000000e+000 -3.978141448638677e-001
1.584700000000000e+000 -4.371674876634561e-001
1.584750000000000e+000 -4.765134260215223e-001
1.584800000000000e+000 -5.041483933833701e-001
1.584850000000000e+000 -5.096371476911339e-001
1.584900000000000e+000 -4.869845709269609e-001
1.584950000000000e+000 -4.370638688621102e-001
1.585000000000000e+000 -3.684418659548100e-001
1.585050000000000e+000 -2.960659364864329e-001
1.585100000000000e+000 -2.378898794162172e-001
1.585150000000000e+000 -2.102181318745343e-001
1.585200000000000e+000 -2.230324319292422e-001
1.585250000000000e+000 -2.766134449075491e-001
1.585300000000000e+000 -3.604037477116437e-001
1.585350000000000e+000 -4.545017707159994e-001
1.585400000000000e+000 -5.336525087309652e-001
1.585450000000000e+000 -5.731576841833040e-001
1.585500000000000e+000 -5.556581966847021e-001
1.585550000000000e+000 -4.771973802053823e-001
1.585600000000000e+000 -3.505858008973815e-001
1.585650000000000e+000 -2.043311506158554e-001
1.585700000000000e+000 -7.659237125203289e-002
1.585750000000000e+000 -5.456715580030626e-003
1.585800000000000e+000 -1.836839096971168e-002
1.585850000000000e+000 -1.238369111480367e-001
1.585900000000000e+000 -3.075448221291960e-001
1.585950000000000e+000 -5.335081292763444e-001
1.586000000000000e+000 -7.500052955332675e-001
1.586050000000000e+000 -8.997982690228860e-001
1.586100000000000e+000 -9.339663784598992e-001
1.586150000000000e+000 -8.274359615682215e-001
1.586200000000000e+000 -5.919301406116171e-001
1.586250000000000e+000 -2.802660178176362e-001
1.586300000000000e+000 2.267438297373997e-002
1.586350000000000e+000 2.215122502915090e-001
1.586400000000000e+000 2.372114050172608e-001
1.586450000000000e+000 2.947004464062589e-002
1.586500000000000e+000 -3.914661088678049e-001
1.586550000000000e+000 -9.635388021659803e-001
1.586600000000000e+000 -1.579037146017589e+000
1.586650000000000e+000 -2.097643492276748e+000
1.586700000000000e+000 -2.371371831097224e+000
1.586750000000000e+000 -2.287833156243756e+000
1.586800000000000e+000 -1.828105026240245e+000
1.586850000000000e+000 -1.115156704767407e+000
1.586900000000000e+000 -4.173120607531893e-001
1.586950000000000e+000 -9.269712609240899e-002
1.587000000000000e+000 -5.086924939775067e-001
1.587050000000000e+000 -2.000116672699720e+000
1.587100000000000e+000 -4.907072313720081e+000
1.587150000000000e+000 -9.667650217403594e+000
1.587200000000000e+000 -1.681224664431609e+001
1.587250000000000e+000 -2.633165680875614e+001
1.587300000000000e+000 -3.533637982498656e+001
1.587350000000000e+000 -3.545149511817601e+001
1.587400000000000e+000 -1.939720214000656e+001
1.587450000000000e+000 4.802996062439555e+000
1.587500000000000e+000 1.953082843962207e+001
1.587550000000000e+000 2.013235579071648e+001
1.587600000000000e+000 1.598320875961987e+001
1.587650000000000e+000 1.455591551368085e+001
1.587700000000000e+000 1.594180846245344e+001
1.587750000000000e+000 1.713453056973773e+001
1.587800000000000e+000 1.617239962747365e+001
1.587850000000000e+000 1.312323339972184e+001
1.587900000000000e+000 8.999259756491513e+000
1.587950000000000e+000 4.696078048218669e+000
1.588000000000000e+000 7.445126793889854e-001
1.588050000000000e+000 -2.487771030449546e+000
1.588100000000000e+000 -4.576642563830666e+000
1.588150000000000e+000 -5.023708302657484e+000
1.588200000000000e+000 -3.535106472076439e+000
1.588250000000000e+000 -4.539801092492347e-001
1.588300000000000e+000 3.117073261841306e+000
1.588350000000000e+000 5.825741973729524e+000
1.588400000000000e+000 6.824122083273556e+000
1.588450000000000e+000 6.064753880623539e+000
1.588500000000000e+000 4.014995506356208e+000
1.588550000000000e+000 1.242113052197876e+000
1.588600000000000e+000 -1.770954365384208e+000
1.588650000000000e+000 -4.566667105067385e+000
1.588700000000000e+000 -6.566397090996877e+000
1.588750000000000e+000 -7.039008506622008e+000
1.588800000000000e+000 -5.392942268007750e+000
1.588850000000000e+000 -1.759864425528250e+000
1.588900000000000e+000 2.684125871437467e+000
1.588950000000000e+000 6.253262418926389e+000
1.589000000000000e+000 7.788391632244482e+000
1.589050000000000e+000 7.164447671306029e+000
1.589100000000000e+000 4.947262694689345e+000
1.589150000000000e+000 1.809601455331435e+000
1.589200000000000e+000 -1.743713068702476e+000
1.589250000000000e+000 -5.299020067373939e+000
1.589300000000000e+000 -8.283371534410073e+000
1.589350000000000e+000 -9.760730015938615e+000
1.589400000000000e+000 -8.625192205832065e+000
1.589450000000000e+000 -4.462427032672569e+000
1.589500000000000e+000 1.516099508888464e+000
1.589550000000000e+000 6.825030899800344e+000
1.589600000000000e+000 9.415590278856817e+000
1.589650000000000e+000 8.879474346983717e+000
1.589700000000000e+000 6.032202384366084e+000
1.589750000000000e+000 1.857176072930146e+000
1.589800000000000e+000 -3.016346553160401e+000
1.589850000000000e+000 -8.160147828673013e+000
1.589900000000000e+000 -1.280523762949283e+001
1.589950000000000e+000 -1.525536694777543e+001
1.590000000000000e+000 -1.316087388867221e+001
1.590050000000000e+000 -5.677709034913510e+000
1.590100000000000e+000 4.245576508803350e+000
1.590150000000000e+000 1.146984145928008e+001
1.590200000000000e+000 1.312728984000704e+001
1.590250000000000e+000 1.013124480937463e+001
1.590300000000000e+000 4.884376873950155e+000
1.590350000000000e+000 -7.568423089835742e-001
1.590400000000000e+000 -5.593022098392744e+000
1.590450000000000e+000 -8.446055882871661e+000
1.590500000000000e+000 -8.035453390499573e+000
1.590550000000000e+000 -3.899907497428400e+000
1.590600000000000e+000 2.434548918426042e+000
1.590650000000000e+000 7.901701016304481e+000
1.590700000000000e+000 1.006326359796988e+001
1.590750000000000e+000 8.516424595258812e+000
1.590800000000000e+000 4.221829515961423e+000
1.590850000000000e+000 -1.792196637011925e+000
1.590900000000000e+000 -8.812086901549515e+000
1.590950000000000e+000 -1.567520081825997e+001
1.591000000000000e+000 -1.939510393642097e+001
1.591050000000000e+000 -1.543196800198859e+001
1.591100000000000e+000 -2.548729561477408e+000
1.591150000000000e+000 1.269110798434782e+001
1.591200000000000e+000 2.127269394860531e+001
1.591250000000000e+000 2.075163325480598e+001
1.591300000000000e+000 1.482821379988695e+001
1.591350000000000e+000 7.269805325459877e+000
1.591400000000000e+000 -5.502653054013458e-001
1.591450000000000e+000 -8.699990341263005e+000
1.591500000000000e+000 -1.710619373635747e+001
1.591550000000000e+000 -2.360728751088010e+001
1.591600000000000e+000 -2.267514814461693e+001
1.591650000000000e+000 -9.806384278965666e+000
1.591700000000000e+000 9.748560270966792e+000
1.591750000000000e+000 2.342450617605457e+001
1.591800000000000e+000 2.524034484509082e+001
1.591850000000000e+000 1.933816032227227e+001
1.591900000000000e+000 1.145566528988617e+001
1.591950000000000e+000 4.027829844965797e+000
1.592000000000000e+000 -2.786183730705741e+000
1.592050000000000e+000 -9.354667069655770e+000
1.592100000000000e+000 -1.545116517255174e+001
1.592150000000000e+000 -1.925840586822427e+001
1.592200000000000e+000 -1.729010991134122e+001
1.592250000000000e+000 -7.491157109497170e+000
1.592300000000000e+000 6.367276981112657e+000
1.592350000000000e+000 1.657598070693891e+001
1.592400000000000e+000 1.898480841820534e+001
1.592450000000000e+000 1.541211256669103e+001
1.592500000000000e+000 9.423309252950022e+000
1.592550000000000e+000 3.048360615728441e+000
1.592600000000000e+000 -3.210749472980275e+000
1.592650000000000e+000 -9.321312153430661e+000
1.592700000000000e+000 -1.472197365569466e+001
1.592750000000000e+000 -1.748058701438833e+001
1.592800000000000e+000 -1.461811057994000e+001
1.592850000000000e+000 -5.108637778273178e+000
1.592900000000000e+000 7.022525022786522e+000
1.592950000000000e+000 1.524331857860884e+001
1.593000000000000e+000 1.652361599216960e+001
1.593050000000000e+000 1.253173621665446e+001
1.593100000000000e+000 6.040199750019361e+000
1.593150000000000e+000 -1.565595409384208e+000
1.593200000000000e+000 -1.015514838116565e+001
1.593250000000000e+000 -1.943682090663909e+001
1.593300000000000e+000 -2.649655109472014e+001
1.593350000000000e+000 -2.424130319867951e+001
1.593400000000000e+000 -7.850162261644068e+000
1.593450000000000e+000 1.452232497121497e+001
1.593500000000000e+000 2.774905955237852e+001
1.593550000000000e+000 2.720197403092156e+001
1.593600000000000e+000 1.938754402258170e+001
1.593650000000000e+000 1.050150595605956e+001
1.593700000000000e+000 2.372121984305186e+000
1.593750000000000e+000 -5.454881539440867e+000
1.593800000000000e+000 -1.381831323791241e+001
1.593850000000000e+000 -2.252815476116865e+001
1.593900000000000e+000 -2.818806435990992e+001
1.593950000000000e+000 -2.368904086719272e+001
1.594000000000000e+000 -5.979727896573077e+000
1.594050000000000e+000 1.503052704721594e+001
1.594100000000000e+000 2.537549594313057e+001
1.594150000000000e+000 2.257027126968760e+001
1.594200000000000e+000 1.323883055827857e+001
1.594250000000000e+000 2.493818825626039e+000
1.594300000000000e+000 -8.488473830994748e+000
1.594350000000000e+000 -1.946936583632219e+001
1.594400000000000e+000 -2.733774535263297e+001
1.594450000000000e+000 -2.435971848725008e+001
1.594500000000000e+000 -6.144118815693870e+000
1.594550000000000e+000 1.705434767761413e+001
1.594600000000000e+000 2.913406023654054e+001
1.594650000000000e+000 2.683190791991920e+001
1.594700000000000e+000 1.786373219991652e+001
1.594750000000000e+000 8.387836846491881e+000
1.594800000000000e+000 -3.644687977546203e-002
1.594850000000000e+000 -7.690241636247950e+000
1.594900000000000e+000 -1.452583721721553e+001
1.594950000000000e+000 -1.881460947923232e+001
1.595000000000000e+000 -1.698551075478294e+001
1.595050000000000e+000 -6.894989384458117e+000
1.595100000000000e+000 7.476353939696946e+000
1.595150000000000e+000 1.803319110405712e+001
1.595200000000000e+000 2.051838948727773e+001
1.595250000000000e+000 1.694786008274518e+001
1.595300000000000e+000 1.105729290178818e+001
1.595350000000000e+000 4.878108819626065e+000
1.595400000000000e+000 -1.247914179905147e+000
1.595450000000000e+000 -7.704020996521623e+000
1.595500000000000e+000 -1.478380343983464e+001
1.595550000000000e+000 -2.157203859339985e+001
1.595600000000000e+000 -2.438495505271864e+001
1.595650000000000e+000 -1.771022879621392e+001
1.595700000000000e+000 -1.140154131249566e+000
1.595750000000000e+000 1.609546648274370e+001
1.595800000000000e+000 2.399407848976896e+001
1.595850000000000e+000 2.184992716612942e+001
1.595900000000000e+000 1.498340933443747e+001
1.595950000000000e+000 7.345986955227593e+000
1.596000000000000e+000 -6.255609746466918e-002
1.596050000000000e+000 -7.690840883795552e+000
1.596100000000000e+000 -1.606578361726720e+001
1.596150000000000e+000 -2.421382604254325e+001
1.596200000000000e+000 -2.743101153363138e+001
1.596250000000000e+000 -1.867247270480758e+001
1.596300000000000e+000 1.670499268606174e+000
1.596350000000000e+000 2.091562631932600e+001
1.596400000000000e+000 2.767550552110674e+001
1.596450000000000e+000 2.330744621013089e+001
1.596500000000000e+000 1.496101184215868e+001
1.596550000000000e+000 6.728535637850985e+000
1.596600000000000e+000 -7.382312423758743e-001
1.596650000000000e+000 -7.974145230040434e+000
1.596700000000000e+000 -1.522705496149611e+001
1.596750000000000e+000 -2.114386346604573e+001
1.596800000000000e+000 -2.170468773077138e+001
1.596850000000000e+000 -1.261894575382875e+001
1.596900000000000e+000 3.946178722497444e+000
1.596950000000000e+000 1.834964152044053e+001
1.597000000000000e+000 2.327055665154963e+001
1.597050000000000e+000 1.992051602453451e+001
1.597100000000000e+000 1.310142780251601e+001
1.597150000000000e+000 5.606507869749516e+000
1.597200000000000e+000 -2.383877695112613e+000
1.597250000000000e+000 -1.224435346160289e+001
1.597300000000000e+000 -2.602112442179262e+001
1.597350000000000e+000 -4.295445723110279e+001
1.597400000000000e+000 -4.934632628209106e+001
1.597450000000000e+000 -2.382494545719311e+001
1.597500000000000e+000 2.255274815141785e+001
1.597550000000000e+000 4.830700419847817e+001
1.597600000000000e+000 4.171350476373487e+001
1.597650000000000e+000 2.381997372972272e+001
1.597700000000000e+000 8.150191899564042e+000
1.597750000000000e+000 -5.154848487817413e+000
1.597800000000000e+000 -1.904091614033857e+001
1.597850000000000e+000 -3.406775036315911e+001
1.597900000000000e+000 -4.175173570130676e+001
1.597950000000000e+000 -2.583724130997929e+001
1.598000000000000e+000 1.108834392635916e+001
1.598050000000000e+000 3.888018071582712e+001
1.598100000000000e+000 4.025427281057642e+001
1.598150000000000e+000 2.719526931283003e+001
1.598200000000000e+000 1.358921826056750e+001
1.598250000000000e+000 2.537776264282196e+000
1.598300000000000e+000 -7.413010553881609e+000
1.598350000000000e+000 -1.781649825543691e+001
1.598400000000000e+000 -2.790002202204441e+001
1.598450000000000e+000 -3.137393214975641e+001
1.598500000000000e+000 -1.895755843700434e+001
1.598550000000000e+000 6.959605292261595e+000
1.598600000000000e+000 2.825688142786702e+001
1.598650000000000e+000 3.267035874392058e+001
1.598700000000000e+000 2.528698262019626e+001
1.598750000000000e+000 1.527965471833719e+001
1.598800000000000e+000 6.181752316424826e+000
1.598850000000000e+000 -2.514828570039371e+000
1.598900000000000e+000 -1.282567677983381e+001
1.598950000000000e+000 -2.725672396500481e+001
1.599000000000000e+000 -4.504257496405995e+001
1.599050000000000e+000 -5.078818716634616e+001
1.599100000000000e+000 -2.168174846456147e+001
1.599150000000000e+000 2.790232796658795e+001
1.599200000000000e+000 5.325351683893953e+001
1.599250000000000e+000 4.531411379751737e+001
1.599300000000000e+000 2.804361506639501e+001
1.599350000000000e+000 1.498567448996372e+001
1.599400000000000e+000 6.301882873650487e+000
1.599450000000000e+000 -3.540273521588001e-001
1.599500000000000e+000 -7.013248985584846e+000
1.599550000000000e+000 -1.562184070843381e+001
1.599600000000000e+000 -2.811534802237217e+001
1.599650000000000e+000 -4.337866265735220e+001
1.599700000000000e+000 -4.825067418623679e+001
1.599750000000000e+000 -2.321765899821189e+001
1.599800000000000e+000 2.113747877882336e+001
1.599850000000000e+000 4.654669427368220e+001
1.599900000000000e+000 4.179876757539388e+001
1.599950000000000e+000 4.179876757539388e+001
1.600000000000000e+000 4.179876757539388e+001
