0.0000000000e+000 1.0000000000e+000
2.1152194859e-003 1.0000000000e+000
4.2304389717e-003 1.0000000000e+000
6.3456584576e-003 1.0000000000e+000
8.4608779435e-003 1.0000000000e+000
1.0576097429e-002 1.0000000000e+000
1.2691316915e-002 1.0000000000e+000
1.4806536401e-002 1.0000000000e+000
1.6921755887e-002 1.0000000000e+000
1.9036975373e-002 1.0000000000e+000
2.1152194859e-002 1.0000000000e+000
2.3267414345e-002 1.0000000000e+000
2.5382633830e-002 1.0000000000e+000
2.7497853316e-002 1.0000000000e+000
2.9613072802e-002 1.0000000000e+000
3.1728292288e-002 1.0000000000e+000
3.3843511774e-002 1.0000000000e+000
3.5958731260e-002 1.0000000000e+000
3.8073950746e-002 1.0000000000e+000
4.0189170232e-002 1.0000000000e+000
4.2304389717e-002 1.0000000000e+000
4.4419609203e-002 1.0000000000e+000
4.6534828689e-002 1.0000000000e+000
4.8650048175e-002 1.0000000000e+000
5.0765267661e-002 1.0000000000e+000
5.2880487147e-002 1.0000000000e+000
5.4995706633e-002 1.0000000000e+000
5.7110926119e-002 1.0000000000e+000
5.9226145604e-002 1.0000000000e+000
6.1341365090e-002 1.0000000000e+000
6.3456584576e-002 1.0000000000e+000
6.5571804062e-002 1.0000000000e+000
6.7687023548e-002 1.0000000000e+000
6.9802243034e-002 1.0000000000e+000
7.1917462520e-002 1.0000000000e+000
7.4032682006e-002 1.0000000000e+000
7.6147901491e-002 1.0000000000e+000
7.8263120977e-002 1.0000000000e+000
8.0378340463e-002 1.0000000000e+000
8.2493559949e-002 1.0000000000e+000
8.4608779435e-002 1.0000000000e+000
8.6723998921e-002 1.0000000000e+000
8.8839218407e-002 1.0000000000e+000
9.0954437893e-002 1.0000000000e+000
9.3069657378e-002 1.0000000000e+000
9.5184876864e-002 1.0000000000e+000
9.7300096350e-002 1.0000000000e+000
9.9415315836e-002 1.0000000000e+000
1.0153053532e-001 1.0000000000e+000
1.0364575481e-001 1.0000000000e+000
1.0576097429e-001 1.0000000000e+000
1.0787619378e-001 1.0000000000e+000
1.0999141327e-001 1.0000000000e+000
1.1210663275e-001 1.0000000000e+000
1.1422185224e-001 1.0000000000e+000
1.1633707172e-001 1.0000000000e+000
1.1845229121e-001 1.0000000000e+000
1.2056751069e-001 1.0000000000e+000
1.2268273018e-001 1.0000000000e+000
1.2479794967e-001 1.0000000000e+000
1.2691316915e-001 1.0000000000e+000
1.2902838864e-001 1.0000000000e+000
1.3114360812e-001 1.0000000000e+000
1.3325882761e-001 1.0000000000e+000
1.3537404710e-001 1.0000000000e+000
1.3748926658e-001 1.0000000000e+000
1.3960448607e-001 1.0000000000e+000
1.4171970555e-001 1.0000000000e+000
1.4383492504e-001 1.0000000000e+000
1.4595014453e-001 1.0000000000e+000
1.4806536401e-001 1.0000000000e+000
1.5018058350e-001 1.0000000000e+000
1.5229580298e-001 1.0000000000e+000
1.5441102247e-001 1.0000000000e+000
1.5652624195e-001 1.0000000000e+000
1.5864146144e-001 1.0000000000e+000
1.6075668093e-001 1.0000000000e+000
1.6287190041e-001 1.0000000000e+000
1.6498711990e-001 1.0000000000e+000
1.6710233938e-001 1.0000000000e+000
1.6921755887e-001 1.0000000000e+000
1.7133277836e-001 1.0000000000e+000
1.7344799784e-001 1.0000000000e+000
1.7556321733e-001 1.0000000000e+000
1.7767843681e-001 1.0000000000e+000
1.7979365630e-001 1.0000000000e+000
1.8190887579e-001 1.0000000000e+000
1.8402409527e-001 1.0000000000e+000
1.8613931476e-001 1.0000000000e+000
1.8825453424e-001 1.0000000000e+000
1.9036975373e-001 1.0000000000e+000
1.9248497321e-001 1.0000000000e+000
1.9460019270e-001 1.0000000000e+000
1.9671541219e-001 1.0000000000e+000
1.9883063167e-001 1.0000000000e+000
2.0094585116e-001 1.0000000000e+000
2.0306107064e-001 1.0000000000e+000
2.0517629013e-001 1.0000000000e+000
2.0729150962e-001 1.0000000000e+000
2.0940672910e-001 1.0000000000e+000
2.1152194859e-001 1.0000000000e+000
2.1363716807e-001 1.0000000000e+000
2.1575238756e-001 1.0000000000e+000
2.1786760704e-001 1.0000000000e+000
2.1998282653e-001 1.0000000000e+000
2.2209804602e-001 1.0000000000e+000
2.2421326550e-001 1.0000000000e+000
2.2632848499e-001 1.0000000000e+000
2.2844370447e-001 1.0000000000e+000
2.3055892396e-001 1.0000000000e+000
2.3267414345e-001 1.0000000000e+000
2.3478936293e-001 1.0000000000e+000
2.3690458242e-001 1.0000000000e+000
2.3901980190e-001 1.0000000000e+000
2.4113502139e-001 1.0000000000e+000
2.4325024088e-001 1.0000000000e+000
2.4536546036e-001 1.0000000000e+000
2.4748067985e-001 1.0000000000e+000
2.4959589933e-001 1.0000000000e+000
2.5171111882e-001 1.0000000000e+000
2.5382633830e-001 1.0000000000e+000
2.5594155779e-001 1.0000000000e+000
2.5805677728e-001 1.0000000000e+000
2.6017199676e-001 1.0000000000e+000
2.6228721625e-001 1.0000000000e+000
2.6440243573e-001 1.0000000000e+000
2.6651765522e-001 1.0000000000e+000
2.6863287471e-001 1.0000000000e+000
2.7074809419e-001 -1.0000000000e+000
2.7286331368e-001 -1.0000000000e+000
2.7497853316e-001 -1.0000000000e+000
2.7709375265e-001 -1.0000000000e+000
2.7920897214e-001 -1.0000000000e+000
2.8132419162e-001 -1.0000000000e+000
2.8343941111e-001 -1.0000000000e+000
2.8555463059e-001 -1.0000000000e+000
2.8766985008e-001 -1.0000000000e+000
2.8978506956e-001 -1.0000000000e+000
2.9190028905e-001 -1.0000000000e+000
2.9401550854e-001 -1.0000000000e+000
2.9613072802e-001 -1.0000000000e+000
2.9824594751e-001 -1.0000000000e+000
3.0036116699e-001 -1.0000000000e+000
3.0247638648e-001 -1.0000000000e+000
3.0459160597e-001 -1.0000000000e+000
3.0670682545e-001 -1.0000000000e+000
3.0882204494e-001 -1.0000000000e+000
3.1093726442e-001 -1.0000000000e+000
3.1305248391e-001 -1.0000000000e+000
3.1516770340e-001 -1.0000000000e+000
3.1728292288e-001 -1.0000000000e+000
3.1939814237e-001 -1.0000000000e+000
3.2151336185e-001 -1.0000000000e+000
3.2362858134e-001 -1.0000000000e+000
3.2574380082e-001 -1.0000000000e+000
3.2785902031e-001 -1.0000000000e+000
3.2997423980e-001 -1.0000000000e+000
3.3208945928e-001 -1.0000000000e+000
3.3420467877e-001 -1.0000000000e+000
3.3631989825e-001 -1.0000000000e+000
3.3843511774e-001 -1.0000000000e+000
3.4055033723e-001 -1.0000000000e+000
3.4266555671e-001 -1.0000000000e+000
3.4478077620e-001 -1.0000000000e+000
3.4689599568e-001 -1.0000000000e+000
3.4901121517e-001 -1.0000000000e+000
3.5112643465e-001 -1.0000000000e+000
3.5324165414e-001 -1.0000000000e+000
3.5535687363e-001 -1.0000000000e+000
3.5747209311e-001 -1.0000000000e+000
3.5958731260e-001 -1.0000000000e+000
3.6170253208e-001 -1.0000000000e+000
3.6381775157e-001 -1.0000000000e+000
3.6593297106e-001 -1.0000000000e+000
3.6804819054e-001 -1.0000000000e+000
3.7016341003e-001 -1.0000000000e+000
3.7227862951e-001 -1.0000000000e+000
3.7439384900e-001 -1.0000000000e+000
3.7650906849e-001 -1.0000000000e+000
3.7862428797e-001 -1.0000000000e+000
3.8073950746e-001 -1.0000000000e+000
3.8285472694e-001 -1.0000000000e+000
3.8496994643e-001 -1.0000000000e+000
3.8708516591e-001 -1.0000000000e+000
3.8920038540e-001 -1.0000000000e+000
3.9131560489e-001 -1.0000000000e+000
3.9343082437e-001 -1.0000000000e+000
3.9554604386e-001 -1.0000000000e+000
3.9766126334e-001 -1.0000000000e+000
3.9977648283e-001 -1.0000000000e+000
4.0189170232e-001 -1.0000000000e+000
4.0400692180e-001 -1.0000000000e+000
4.0612214129e-001 -1.0000000000e+000
4.0823736077e-001 -1.0000000000e+000
4.1035258026e-001 -1.0000000000e+000
4.1246779975e-001 -1.0000000000e+000
4.1458301923e-001 -1.0000000000e+000
4.1669823872e-001 -1.0000000000e+000
4.1881345820e-001 -1.0000000000e+000
4.2092867769e-001 -1.0000000000e+000
4.2304389717e-001 -1.0000000000e+000
4.2515911666e-001 -1.0000000000e+000
4.2727433615e-001 -1.0000000000e+000
4.2938955563e-001 -1.0000000000e+000
4.3150477512e-001 -1.0000000000e+000
4.3361999460e-001 -1.0000000000e+000
4.3573521409e-001 -1.0000000000e+000
4.3785043358e-001 -1.0000000000e+000
4.3996565306e-001 -1.0000000000e+000
4.4208087255e-001 -1.0000000000e+000
4.4419609203e-001 -1.0000000000e+000
4.4631131152e-001 -1.0000000000e+000
4.4842653101e-001 -1.0000000000e+000
4.5054175049e-001 -1.0000000000e+000
4.5265696998e-001 -1.0000000000e+000
4.5477218946e-001 -1.0000000000e+000
4.5688740895e-001 -1.0000000000e+000
4.5900262843e-001 -1.0000000000e+000
4.6111784792e-001 -1.0000000000e+000
4.6323306741e-001 -1.0000000000e+000
4.6534828689e-001 -1.0000000000e+000
4.6746350638e-001 -1.0000000000e+000
4.6957872586e-001 -1.0000000000e+000
4.7169394535e-001 -1.0000000000e+000
4.7380916484e-001 -1.0000000000e+000
4.7592438432e-001 -1.0000000000e+000
4.7803960381e-001 -1.0000000000e+000
4.8015482329e-001 -1.0000000000e+000
4.8227004278e-001 -1.0000000000e+000
4.8438526227e-001 -1.0000000000e+000
4.8650048175e-001 -1.0000000000e+000
4.8861570124e-001 -1.0000000000e+000
4.9073092072e-001 -1.0000000000e+000
4.9284614021e-001 -1.0000000000e+000
4.9496135969e-001 -1.0000000000e+000
4.9707657918e-001 -1.0000000000e+000
4.9919179867e-001 -1.0000000000e+000
5.0130701815e-001 -1.0000000000e+000
5.0342223764e-001 -1.0000000000e+000
5.0553745712e-001 -1.0000000000e+000
5.0765267661e-001 -1.0000000000e+000
5.0976789610e-001 -1.0000000000e+000
5.1188311558e-001 -1.0000000000e+000
5.1399833507e-001 -1.0000000000e+000
5.1611355455e-001 -1.0000000000e+000
5.1822877404e-001 -1.0000000000e+000
5.2034399352e-001 -1.0000000000e+000
5.2245921301e-001 -1.0000000000e+000
5.2457443250e-001 -1.0000000000e+000
5.2668965198e-001 -1.0000000000e+000
5.2880487147e-001 -1.0000000000e+000
5.3092009095e-001 -1.0000000000e+000
5.3303531044e-001 -1.0000000000e+000
5.3515052993e-001 -1.0000000000e+000
5.3726574941e-001 -1.0000000000e+000
5.3938096890e-001 -1.0000000000e+000
