1.5000000 3.9143063E-005 3.1592316E-005
1.5000500 3.9026548E-005 9.6572203E-005
1.5001000 -2.9835644E-006 0.00014569494
1.5001500 -6.9012911E-005 0.00015702716
1.5002000 -0.00013169086 0.00012330460
1.5002500 -0.00016446597 5.4754471E-005
1.5003000 -0.00015167889 -2.4587976E-005
1.5003500 -9.4670052E-005 -8.5752981E-005
1.5004000 -1.1627848E-005 -0.00010567063
1.5004500 6.8841953E-005 -7.5988668E-005
1.5005000 0.00011814296 -6.5922281E-006
1.5005500 0.00011833732 7.7555090E-005
1.5006000 6.9111003E-005 0.00014520850
1.5006500 -1.1565310E-005 0.00017016402
1.5007000 -9.3446803E-005 0.00014102380
1.5007500 -0.00014464734 6.5822644E-005
1.5008000 -0.00014313890 -3.0266002E-005
1.5008500 -8.4985395E-005 -0.00011345891
1.5009000 1.3712989E-005 -0.00015318509
1.5009500 0.00012198298 -0.00013303087
1.5010000 0.00020453533 -5.6887807E-005
1.5010500 0.00023405414 5.1966144E-005
1.5011000 0.00020088846 0.00015863596
1.5011500 0.00011668291 0.00022858099
1.5012000 1.0589423E-005 0.00023961962
1.5012500 -8.0690069E-005 0.00018974215
1.5013000 -0.00012559134 9.7945618E-005
1.5013500 -0.00010867667 -2.2609722E-006
1.5014000 -3.6060575E-005 -7.4455746E-005
1.5014500 6.6660062E-005 -9.1974658E-005
1.5015000 0.00016328244 -4.7223481E-005
1.5015500 0.00021960053 4.5638634E-005
1.5016000 0.00021533716 0.00015560145
1.5016500 0.00015123362 0.00024559214
1.5017000 4.8814700E-005 0.00028538758
1.5017500 -5.7091222E-005 0.00026214225
1.5018000 -0.00013046263 0.00018485888
1.5018500 -0.00014659630 8.1251653E-005
1.5019000 -0.00010065868 -1.1887582E-005
1.5019500 -9.3131570E-006 -6.1442857E-005
1.5020000 9.5110632E-005 -4.9395943E-005
1.5020500 0.00017583489 2.1046229E-005
1.5021000 0.00020430104 0.00012670962
1.5021500 0.00016987379 0.00023259294
1.5022000 8.3242869E-005 0.00030398980
1.5022500 -2.7581678E-005 0.00031833269
1.5023000 -0.00012718400 0.00027264479
1.5023500 -0.00018502196 0.00018407500
1.5024000 -0.00018574787 8.3450510E-005
1.5024500 -0.00013399891 4.2330363E-006
1.5025000 -5.2089076E-005 -2.9155061E-005
1.5025500 2.8435015E-005 -9.5118685E-006
1.5026000 7.8255540E-005 5.1271888E-005
1.5026500 8.0624722E-005 0.00012717774
1.5027000 3.6916800E-005 0.00018794009
1.5027500 -3.4503751E-005 0.00021019474
1.5028000 -0.00010556120 0.00018584443
1.5028500 -0.00014914534 0.00012465234
1.5029000 -0.00014923929 5.0202779E-005
1.5029500 -0.00010678991 -9.2114760E-006
1.5030000 -3.9195890E-005 -3.1374475E-005
1.5030500 2.6365589E-005 -8.6106649E-006
1.5031000 6.3291747E-005 4.9206210E-005
1.5031500 5.5752555E-005 0.00011822894
1.5032000 4.9462387E-006 0.00016950791
1.5032500 -7.0948747E-005 0.00017991368
1.5033000 -0.00014318551 0.00014108465
1.5033500 -0.00018294839 6.3059556E-005
1.5034000 -0.00017213582 -2.8841475E-005
1.5034500 -0.00011046484 -0.00010286893
1.5035000 -1.6216108E-005 -0.00013230404
1.5035500 7.9791021E-005 -0.00010539909
1.5036000 0.00014495366 -3.0150019E-005
1.5036500 0.00015658328 6.7943843E-005
1.5037000 0.00011035023 0.00015448133
1.5037500 2.2371025E-005 0.00019817477
1.5038000 -7.5943336E-005 0.00018205543
1.5038500 -0.00014859213 0.00010986101
1.5039000 -0.00016755247 5.2451489E-006
1.5039500 -0.00012280015 -9.6044203E-005
1.5040000 -2.6209123E-005 -0.00015838097
1.5040500 9.2136560E-005 -0.00015864936
1.5041000 0.00019403425 -9.4468612E-005
1.5041500 0.00024621401 1.4672300E-005
1.5042000 0.00023183520 0.00013384253
1.5042500 0.00015641694 0.00022449643
1.5043000 4.6103535E-005 0.00025763788
1.5043500 -6.1180348E-005 0.00022377054
1.5044000 -0.00012865488 0.00013618078
1.5044500 -0.00013323707 2.6403593E-005
1.5045000 -7.3389343E-005 -6.6568465E-005
1.5045500 3.0435248E-005 -0.00010960648
1.5046000 0.00014288242 -8.6700056E-005
1.5046500 0.00022584441 -4.2792447E-006
1.5047000 0.00025145004 0.00011119121
1.5047500 0.00021141590 0.00022245426
1.5048000 0.00011957170 0.00029428805
1.5048500 6.7653055E-006 0.00030545368
1.5049000 -8.9995100E-005 0.00025564904
1.5049500 -0.00014032545 0.00016513473
1.5050000 -0.00013071778 6.7275835E-005
1.5050500 -6.8742827E-005 -3.2936853E-006
1.5051000 2.0152616E-005 -2.2687038E-005
1.5051500 0.00010199868 1.4235319E-005
1.5052000 0.00014641542 9.2605299E-005
1.5052500 0.00013717671 0.00018333826
1.5053000 7.7533052E-005 0.00025379528
1.5053500 -1.1487055E-005 0.00027944983
1.5054000 -9.9058957E-005 0.00025239569
1.5054500 -0.00015586293 0.00018372146
1.5055000 -0.00016459876 9.9010434E-005
1.5055500 -0.00012594566 2.8698608E-005
1.5056000 -5.7884138E-005 -3.1492968E-006
1.5056500 1.1286094E-005 1.2446100E-005
1.5057000 5.3618266E-005 6.6320211E-005
1.5057500 5.1947340E-005 0.00013482844
1.5058000 6.2517844E-006 0.00018885027
1.5058500 -6.6381666E-005 0.00020480120
1.5059000 -0.00013817669 0.00017359155
1.5059500 -0.00018111896 0.00010421287
1.5060000 -0.00017759947 2.0588343E-005
1.5060500 -0.00012731045 -4.7214597E-005
1.5061000 -4.7790526E-005 -7.4231953E-005
1.5061500 3.1686465E-005 -5.0191877E-005
1.5062000 8.0752041E-005 1.6126028E-005
1.5062500 7.9293995E-005 9.9480936E-005
1.5063000 2.5370662E-005 0.00016692439
1.5063500 -6.3292791E-005 0.00018967736
1.5064000 -0.00015494159 0.00015389285
1.5064500 -0.00021471837 6.6376991E-005
1.5065000 -0.00021709182 -4.6931651E-005
1.5065500 -0.00015537667 -0.00014937970
1.5066000 -4.4876206E-005 -0.00020610038
1.5066500 8.1630748E-005 -0.00019627490
1.5067000 0.00018465292 -0.00012082733
1.5067500 0.00023136581 -2.7513883E-006
1.5068000 0.00020698942 0.00012019350
1.5068500 0.00012017315 0.00020801579
1.5069000 4.2838588E-007 0.00023199365
1.5069500 -0.00011160743 0.00018449422
1.5070000 -0.00017779613 8.1687173E-005
1.5070500 -0.00017535698 -4.1837964E-005
1.5071000 -0.00010453473 -0.00014474717
1.5071500 1.1574220E-005 -0.00019294141
1.5072000 0.00013498880 -0.00017104200
1.5072500 0.00022586208 -8.7435817E-005
1.5073000 0.00025606374 2.8841502E-005
1.5073500 0.00021864647 0.00013828332
1.5074000 0.00012995001 0.00020460844
1.5074500 2.3654933E-005 0.00020722509
1.5075000 -6.1107191E-005 0.00014815536
1.5075500 -9.3426267E-005 5.1054236E-005
1.5076000 -6.1306844E-005 -4.7283975E-005
1.5076500 2.4319351E-005 -0.00010992632
1.5077000 0.00013361739 -0.00011274701
1.5077500 0.00022845167 -5.2800314E-005
1.5078000 0.00027582168 5.0777849E-005
1.5078500 0.00025941193 0.00016360942
1.5079000 0.00018522287 0.00024821399
1.5079500 7.9343493E-005 0.00027716370
1.5080000 -2.1308299E-005 0.00024263372
1.5080500 -8.1987623E-005 0.00015901753
1.5081000 -8.2279500E-005 5.7728653E-005
1.5081500 -2.3143133E-005 -2.3938628E-005
1.5082000 7.3602799E-005 -5.5934636E-005
1.5082500 0.00017312620 -2.5934943E-005
1.5083000 0.00023994743 5.6505444E-005
1.5083500 0.00025043071 0.00016354723
1.5084000 0.00020098258 0.00025909402
1.5084500 0.00010907870 0.00031165853
1.5085000 6.7943047E-006 0.00030548312
1.5085500 -7.0821501E-005 0.00024596385
1.5086000 -9.8357132E-005 0.00015746509
1.5086500 -6.9119328E-005 7.4327212E-005
1.5087000 2.5709673E-006 2.8302677E-005
1.5087500 8.6698761E-005 3.6936556E-005
1.5088000 0.00014859470 9.7084014E-005
1.5088500 0.00016173899 0.00018593078
1.5089000 0.00011771512 0.00026920722
1.5089500 2.9685842E-005 0.00031369973
1.5090000 -7.1946925E-005 0.00029959438
1.5090500 -0.00015025010 0.00022819591
1.5091000 -0.00017508816 0.00012216547
1.5091500 -0.00013433682 1.8052139E-005
1.5092000 -3.8929795E-005 -4.6360639E-005
1.5092500 8.0184046E-005 -4.5492093E-005
1.5093000 0.00018225733 2.4565652E-005
1.5093500 0.00023066999 0.00014396626
1.5094000 0.00020573882 0.00027528838
1.5094500 0.00011190672 0.00037595775
1.5095000 -2.3285709E-005 0.00041268026
1.5095500 -0.00015820619 0.00037289715
1.5096000 -0.00025109055 0.00026925369
1.5096500 -0.00027417716 0.00013546167
1.5097000 -0.00022313254 1.4911701E-005
1.5097500 -0.00011847981 -5.4081877E-005
1.5098000 1.5066338E-006 -5.1325562E-005
1.5098500 9.4021716E-005 1.8433717E-005
1.5099000 0.00012651477 0.00012729253
1.5099500 8.7924392E-005 0.00023398638
1.5100000 -7.5383328E-006 0.00029832031
1.5100500 -0.00012539026 0.00029524037
1.5101000 -0.00022294641 0.00022365858
1.5101500 -0.00026428750 0.00010694909
1.5102000 -0.00023293210 -1.5084846E-005
1.5102500 -0.00013780112 -0.00010001313
1.5103000 -1.0376313E-005 -0.00011757947
1.5103500 0.00010599749 -6.0368114E-005
1.5104000 0.00017098944 5.3377246E-005
1.5104500 0.00016120532 0.00018578732
1.5105000 7.8338965E-005 0.00029219645
1.5105500 -5.1274675E-005 0.00033635480
1.5106000 -0.00018556445 0.00030278229
1.5106500 -0.00028102275 0.00020200779
1.5107000 -0.00030747463 6.6893859E-005
1.5107500 -0.00025823323 -5.8672627E-005
1.5108000 -0.00015215920 -0.00013481105
1.5108500 -2.6945797E-005 -0.00013920990
1.5109000 7.4016919E-005 -7.4555324E-005
1.5109500 0.00011663366 3.2704076E-005
1.5110000 8.7763716E-005 0.00014178007
1.5110500 -4.6332728E-007 0.00021184646
1.5111000 -0.00011512488 0.00021623549
1.5111500 -0.00021416745 0.00015160618
1.5112000 -0.00026115903 3.8930039E-005
1.5112500 -0.00023798252 -8.4000096E-005
1.5113000 -0.00015106117 -0.00017588255
1.5113500 -2.8979197E-005 -0.00020636902
1.5114000 8.7630214E-005 -0.00016662418
1.5114500 0.00016036372 -7.2312152E-005
1.5115000 0.00016648583 4.2003571E-005
1.5115500 0.00010682913 0.00013505608
1.5116000 5.4107928E-006 0.00017337683
1.5116500 -9.9075104E-005 0.00014301872
1.5117000 -0.00016688691 5.4400969E-005
1.5117500 -0.00017119622 -6.1404993E-005
1.5118000 -0.00010748385 -0.00016362734
1.5118500 4.9176479E-006 -0.00021612639
1.5119000 0.00012966368 -0.00020006919
1.5119500 0.00022620472 -0.00012049433
1.5120000 0.00026405117 -4.4633156E-006
1.5120500 0.00023347289 0.00010854753
1.5121000 0.00014886130 0.00018063007
1.5121500 4.3560932E-005 0.00018887331
1.5122000 -4.2021574E-005 0.00013349375
1.5122500 -7.4846602E-005 3.7777247E-005
1.5123000 -4.1114678E-005 -6.0182609E-005
1.5123500 4.8633276E-005 -0.00012106939
1.5124000 0.00016304205 -0.00011848152
1.5124500 0.00026091844 -4.8620766E-005
1.5125000 0.00030584759 6.7936223E-005
1.5125500 0.00027932620 0.00019309682
1.5126000 0.00018776341 0.00028442600
1.5126500 6.0807312E-005 0.00031007968
1.5127000 -5.8530744E-005 0.00026027956
1.5127500 -0.00012860821 0.00015126682
1.5128000 -0.00012366440 2.0254172E-005
1.5128500 -4.3063077E-005 -8.6984333E-005
1.5129000 8.8004566E-005 -0.00013167211
1.5129500 0.00022669614 -9.5393587E-005
1.5130000 0.00032684275 1.3367789E-005
1.5130500 0.00035454780 0.00016182478
1.5131000 0.00029971452 0.00030378932
1.5131500 0.00017952779 0.00039519281
1.5132000 3.2665874E-005 0.00040892915
1.5132500 -9.3801949E-005 0.00034394025
1.5133000 -0.00016035911 0.00022542929
1.5133500 -0.00014837216 9.6128352E-005
1.5134000 -6.6247567E-005 1.6185453E-006
1.5134500 5.3681604E-005 -2.5257373E-005
1.5135000 0.00016644774 2.4457546E-005
1.5135500 0.00023002110 0.00013294113
1.5136000 0.00021979554 0.00026192215
1.5136500 0.00013700748 0.00036602627
1.5137000 8.2075059E-006 0.00040851982
1.5137500 -0.00012400713 0.00037401791
1.5138000 -0.00021577864 0.00027378202
1.5138500 -0.00023717783 0.00014179885
1.5139000 -0.00018255415 2.3015615E-005
1.5139500 -7.2486983E-005 -4.2190457E-005
1.5140000 5.3314976E-005 -3.1942321E-005
1.5140500 0.00014969486 4.9606397E-005
1.5141000 0.00018157569 0.00017371808
1.5141500 0.00013597952 0.00029696778
1.5142000 2.6412329E-005 0.00037614999
1.5142500 -0.00011186160 0.00038304174
1.5143000 -0.00023398244 0.00031394085
1.5143500 -0.00030086364 0.00019072634
1.5144000 -0.00029245170 5.3132104E-005
1.5144500 -0.00021432273 -5.5037270E-005
1.5145000 -9.5392890E-005 -0.00010094372
1.5145500 2.2388295E-005 -7.3798479E-005
1.5146000 9.8721851E-005 1.1809428E-005
1.5146500 0.00010888600 0.00012142175
1.5147000 5.2071828E-005 0.00021305803
1.5147500 -4.8726014E-005 0.00025203638
1.5148000 -0.00015515075 0.00022306796
1.5148500 -0.00022723249 0.00013541108
1.5149000 -0.00023757730 1.9325691E-005
1.5149500 -0.00018099743 -8.4868867E-005
1.5150000 -7.6206623E-005 -0.00014123252
1.5150500 4.0989960E-005 -0.00013101831
1.5151000 0.00013057825 -5.9320849E-005
1.5151500 0.00016271008 4.6800061E-005
1.5152000 0.00012845529 0.00014806510
1.5152500 4.3085776E-005 0.00020714251
1.5153000 -5.9322639E-005 0.00020220392
1.5153500 -0.00013810821 0.00013502143
1.5154000 -0.00016076318 3.0657772E-005
1.5154500 -0.00011495928 -7.1242558E-005
1.5155000 -1.3525715E-005 -0.00013057270
1.5155500 0.00010951127 -0.00012134820
1.5156000 0.00021058253 -4.1575214E-005
1.5156500 0.00025194118 8.5193584E-005
1.5157000 0.00021538174 0.00021734363
1.5157500 0.00010944199 0.00030928515
1.5158000 -3.2588291E-005 0.00032734774
1.5158500 -0.00016336434 0.00026197008
1.5159000 -0.00023736342 0.00013186250
1.5159500 -0.00022655787 -2.1470851E-005
1.5160000 -0.00013048015 -0.00014715961
1.5160500 2.2877531E-005 -0.00020188843
1.5161000 0.00018579207 -0.00016459224
1.5161500 0.00030634037 -4.3891690E-005
1.5162000 0.00034555126 0.00012434414
1.5162500 0.00029039423 0.00028858524
1.5163000 0.00015818926 0.00039853970
1.5163500 -9.0954137E-006 0.00042169857
1.5164000 -0.00015876890 0.00035395543
1.5164500 -0.00024488691 0.00022072031
1.5165000 -0.00024337829 6.8163193E-005
1.5165500 -0.00015973739 -5.2433294E-005
1.5166000 -2.6717800E-005 -0.00010190132
1.5166500 0.00010713689 -6.6161567E-005
1.5167000 0.00019418107 3.9424868E-005
1.5167500 0.00020386983 0.00017574329
1.5168000 0.00013296670 0.00029364117
1.5168500 6.3191694E-006 0.00035093487
1.5169000 -0.00013199290 0.00032686992
1.5169500 -0.00023403549 0.00022910130
1.5170000 -0.00026460520 9.0851220E-005
1.5170500 -0.00021331574 -4.0714865E-005
1.5171000 -9.8057082E-005 -0.00012084127
1.5171500 4.1311631E-005 -0.00012260562
1.5172000 0.00015680605 -4.6102998E-005
1.5172500 0.00020887911 8.1741490E-005
1.5173000 0.00017996955 0.00021661463
1.5173500 8.0371161E-005 0.00031219749
1.5174000 -5.5566281E-005 0.00033613277
1.5174500 -0.00018153467 0.00028104205
1.5175000 -0.00025542233 0.00016679463
1.5175500 -0.00025388850 3.3282588E-005
1.5176000 -0.00018028578 -7.3739570E-005
1.5176500 -6.3188078E-005 -0.00011878030
1.5177000 5.3937514E-005 -8.9052011E-005
1.5177500 0.00012827960 1.1319426E-006
1.5178000 0.00013298850 0.00011555248
1.5178500 6.6848714E-005 0.00020906189
1.5179000 -4.5114651E-005 0.00024379731
1.5179500 -0.00016036181 0.00020292826
1.5180000 -0.00023388926 9.7066474E-005
1.5180500 -0.00023435523 -3.8993044E-005
1.5181000 -0.00015560770 -0.00015815889
1.5181500 -1.9499407E-005 -0.00021748189
1.5182000 0.00013111739 -0.00019343158
1.5182500 0.00024690138 -9.0638357E-005
1.5183000 0.00028907417 5.9053484E-005
1.5183500 0.00024310160 0.00020703726
1.5184000 0.00012419071 0.00030440388
1.5184500 -2.7428280E-005 0.00031878109
1.5185000 -0.00015994702 0.00024571921
1.5185500 -0.00022762046 0.00011060546
1.5186000 -0.00020656445 -3.9684706E-005
1.5186500 -0.00010323120 -0.00015265374
1.5187000 4.7455685E-005 -0.00018819221
1.5187500 0.00019379746 -0.00013255412
1.5188000 0.00028494547 -3.4352535E-006
1.5188500 0.00028846740 0.00015570694
1.5189000 0.00020181643 0.00029027548
1.5189500 5.3686492E-005 0.00035319259
1.5190000 -0.00010534070 0.00032124747
1.5190500 -0.00021979161 0.00020350501
1.5191000 -0.00024822650 3.8799101E-005
1.5191500 -0.00017765993 -0.00011697159
1.5192000 -2.8509475E-005 -0.00020954245
1.5192500 0.00015171963 -0.00020469185
1.5193000 0.00030399649 -0.00010011403
1.5193500 0.00037740051 7.3327022E-005
1.5194000 0.00034623904 0.00026148153
1.5194500 0.00021885998 0.00040469232
1.5195000 3.5142888E-005 0.00045753959
1.5195500 -0.00014654417 0.00040393313
1.5196000 -0.00026858424 0.00026247714
1.5196500 -0.00029311460 8.0295033E-005
1.5197000 -0.00021443412 -8.2619324E-005
1.5197500 -6.0675327E-005 -0.00017327284
1.5198000 0.00011578281 -0.00016310584
1.5198500 0.00025589838 -5.7163575E-005
1.5199000 0.00031360668 0.00010801269
1.5199500 0.00027091581 0.00027698164
1.5200000 0.00014342891 0.00039416175
1.5200500 -2.5469398E-005 0.00042238273
1.5201000 -0.00017968018 0.00035497616
1.5201500 -0.00026951200 0.00021739305
1.5202000 -0.00026832897 5.7925329E-005
1.5202500 -0.00018109637 -6.9182838E-005
1.5203000 -4.2008425E-005 -0.00012238351
1.5203500 9.7861324E-005 -8.6833649E-005
1.5204000 0.00018853663 2.0991245E-005
1.5204500 0.00019849400 0.00015956864
1.5205000 0.00012540834 0.00027721737
1.5205500 -3.3801513E-006 0.00033037497
1.5206000 -0.00014077178 0.00029889155
1.5206500 -0.00023668372 0.00019302866
1.5207000 -0.00025581846 4.9746981E-005
1.5207500 -0.00019020949 -8.0403599E-005
1.5208000 -6.2147790E-005 -0.00015120484
1.5208500 8.3559507E-005 -0.00013723052
1.5209000 0.00019532830 -4.3065342E-005
1.5209500 0.00023306008 9.7996877E-005
1.5210000 0.00018253974 0.00023540198
1.5210500 6.0882553E-005 0.00031901260
1.5211000 -8.8977320E-005 0.00031688899
1.5211500 -0.00021296501 0.00022695195
1.5212000 -0.00026470609 7.8368795E-005
1.5212500 -0.00022202148 -7.7972130E-005
1.5213000 -9.5298535E-005 -0.00018675370
1.5213500 7.5298723E-005 -0.00020741074
1.5214000 0.00023299940 -0.00012858890
1.5214500 0.00032360083 2.7190948E-005
1.5215000 0.00031414522 0.00021043189
1.5215500 0.00020467554 0.00036094379
1.5216000 2.8934444E-005 0.00042808200
1.5216500 -0.00015640121 0.00038808904
1.5217000 -0.00029044802 0.00025258836
1.5217500 -0.00032854748 6.5221967E-005
1.5218000 -0.00025749155 -0.00011257698
1.5218500 -0.00010032619 -0.00022198595
1.5219000 9.1001918E-005 -0.00022653806
1.5219500 0.00025278971 -0.00012453920
1.5220000 0.00033081776 5.0091482E-005
1.5220500 0.00029856515 0.00023892777
1.5221000 0.00016625227 0.00037843213
1.5221500 -2.2378382E-005 0.00042116816
1.5222000 -0.00020451769 0.00035171533
1.5222500 -0.00031917111 0.00019192665
1.5223000 -0.00032747842 -6.2604396E-006
1.5223500 -0.00022566057 -0.00017806795
1.5224000 -4.6252171E-005 -0.00026740183
1.5224500 0.00015278438 -0.00024544267
1.5225000 0.00030739447 -0.00012007911
1.5225500 0.00036871206 6.6950568E-005
1.5226000 0.00031914247 0.00025420240
1.5226500 0.00017787633 0.00038115430
1.5227000 -5.9570366E-006 0.00040835089
1.5227500 -0.00017011251 0.00033029204
1.5228000 -0.00026028939 0.00017677497
1.5228500 -0.00024828819 2.3242667E-006
1.5229000 -0.00014114604 -0.00013262203
1.5229500 2.1774521E-005 -0.00018232888
1.5230000 0.00018266124 -0.00013116673
1.5230500 0.00028528798 1.4044795E-006
1.5231000 0.00029433436 0.00016789716
1.5231500 0.00020739042 0.00030941558
1.5232000 5.5577915E-005 0.00037608969
1.5232500 -0.00010737132 0.00034429934
1.5233000 -0.00022378470 0.00022478829
1.5233500 -0.00025202622 5.8908029E-005
1.5234000 -0.00018090715 -9.5689215E-005
1.5234500 -3.3579577E-005 -0.00018496668
1.5235000 0.00014041760 -0.00017716520
1.5235500 0.00028221578 -7.3782113E-005
1.5236000 0.00034389892 9.0917330E-005
1.5236500 0.00030501985 0.00026169518
1.5237000 0.00017964914 0.00038138556
1.5237500 1.1508486E-005 0.00041062716
1.5238000 -0.00014115549 0.00034146976
1.5238500 -0.00022575700 0.00020013531
1.5239000 -0.00021365176 3.7941925E-005
1.5239500 -0.00011017703 -8.6517732E-005
1.5240000 4.7068675E-005 -0.00012781532
1.5240500 0.00020118173 -6.9675658E-005
1.5241000 0.00029573415 6.9059973E-005
1.5241500 0.00029457672 0.00024064633
1.5242000 0.00019479890 0.00038478380
1.5242500 2.8282515E-005 0.00044954528
1.5243000 -0.00014881984 0.00040968702
1.5243500 -0.00027519283 0.00027597741
1.5244000 -0.00030556583 9.2202895E-005
1.5244500 -0.00022673583 -7.9286072E-005
1.5245000 -6.2817645E-005 -0.00017867664
1.5245500 0.00013223707 -0.00016929030
1.5246000 0.00029247055 -5.0607468E-005
1.5246500 0.00036214764 0.00014084219
1.5247000 0.00031485667 0.00034319560
1.5247500 0.00016293393 0.00048975574
1.5248000 -4.6115091E-005 0.00053141728
1.5248500 -0.00024514041 0.00045342985
1.5249000 -0.00036969163 0.00028075445
1.5249500 -0.00037969129 7.0079668E-005
1.5250000 -0.00027310430 -0.00010893287
1.5250500 -8.6914907E-005 -0.00019693673
1.5251000 0.00011502210 -0.00016490085
1.5251500 0.00026325727 -2.4052330E-005
1.5252000 0.00030603999 0.00017765694
1.5252500 0.00022679387 0.00037145172
1.5253000 4.9857452E-005 0.00049071360
1.5253500 -0.00016749850 0.00049333668
1.5254000 -0.00035414617 0.00037593003
1.5254500 -0.00044888610 0.00017505799
1.5255000 -0.00042094976 -4.4936374E-005
1.5255500 -0.00028030951 -0.00021345585
1.5256000 -7.4306833E-005 -0.00027728933
1.5256500 0.00012828130 -0.00021840645
1.5257000 0.00026037571 -5.9905005E-005
1.5257500 0.00027912782 0.00014189729
1.5258000 0.00018024614 0.00031655600
1.5258500 -7.2003676E-007 0.00040332284
1.5259000 -0.00020056640 0.00037163916
1.5259500 -0.00034995423 0.00023136392
1.5260000 -0.00039696525 2.9276415E-005
1.5260500 -0.00032469689 -0.00016695222
1.5261000 -0.00015692161 -0.00029186934
1.5261500 5.0114215E-005 -0.00030457223
1.5262000 0.00022696462 -0.00020265710
1.5262500 0.00031477208 -2.3024460E-005
1.5263000 0.00028546068 0.00017075113
1.5263500 0.00015143517 0.00031020031
1.5264000 -3.8551285E-005 0.00034547026
1.5264500 -0.00021598805 0.00026254007
1.5265000 -0.00031602743 8.8235637E-005
1.5265500 -0.00029975415 -0.00011871481
1.5266000 -0.00016768636 -0.00028758298
1.5266500 4.0145218E-005 -0.00035974301
1.5267000 0.00025762671 -0.00030875240
1.5267500 0.00041496983 -0.00014952513
1.5268000 0.00046247794 6.6592496E-005
1.5268500 0.00038754326 0.00026922937
1.5269000 0.00021902061 0.00039298511
1.5269500 1.7408472E-005 0.00039982917
1.5270000 -0.00014588066 0.00029221341
1.5270500 -0.00021311892 0.00011233668
1.5271000 -0.00016031002 -7.2287074E-005
1.5271500 -5.7565460E-006 -0.00019210912
1.5272000 0.00019590383 -0.00019974882
1.5272500 0.00037229025 -8.6802094E-005
1.5273000 0.00045824471 0.00011261116
1.5273500 0.00041866479 0.00033294460
1.5274000 0.00026132696 0.00049934982
1.5274500 3.5155340E-005 0.00055338870
1.5275000 -0.00018568843 0.00047357187
1.5275500 -0.00032666812 0.00028361320
1.5276000 -0.00033833596 4.5385856E-005
1.5276500 -0.00021372342 -0.00016126183
1.5277000 8.3855468E-006 -0.00026517084
1.5277500 0.00025562975 -0.00022806250
1.5278000 0.00044580194 -5.8019760E-005
1.5278500 0.00051427596 0.00019245803
1.5279000 0.00043591737 0.00044338546
1.5279500 0.00023401469 0.00061369516
1.5280000 -2.6941512E-005 0.00064834043
1.5280500 -0.00026239414 0.00053698436
1.5281000 -0.00039582068 0.00031789648
1.5281500 -0.00038443312 6.5589919E-005
1.5282000 -0.00023382348 -0.00013381464
1.5282500 3.4651498E-006 -0.00021134897
1.5283000 0.00024510879 -0.00013847341
1.5283500 0.00040629268 6.2979513E-005
1.5284000 0.00042806037 0.00032763198
1.5284500 0.00029723738 0.00056799697
1.5285000 5.1204181E-005 0.00070344985
1.5285500 -0.00023417206 0.00068709065
1.5286000 -0.00046950431 0.00052150249
1.5286500 -0.00058146624 0.00025808435
1.5287000 -0.00053711605 -1.9886854E-005
1.5287500 -0.00035481230 -0.00022485689
1.5288000 -9.8033253E-005 -0.00029405519
1.5288500 0.00014586997 -0.00021029337
1.5289000 0.00029489622 -7.5202655E-006
1.5289500 0.00029980736 0.00024074948
1.5290000 0.00016052956 0.00044627047
1.5290500 -7.3979318E-005 0.00053583468
1.5291000 -0.00032236961 0.00047596558
1.5291500 -0.00049846413 0.00028421671
1.5292000 -0.00054047165 2.3246505E-005
1.5292500 -0.00043199640 -0.00022036179
1.5293000 -0.00020773272 -0.00036541599
1.5293500 5.8116251E-005 -0.00036368223
1.5294000 0.00027682920 -0.00021638081
1.5294500 0.00037515721 2.6000223E-005
1.5295000 0.00032018838 0.00028056525
1.5295500 0.00013065796 0.00045989916
1.5296000 -0.00012916975 0.00050158746
1.5296500 -0.00037104044 0.00038938583
1.5297000 -0.00051243548 0.00015884412
1.5297500 -0.00050445027 -0.00011457576
1.5298000 -0.00034837565 -0.00034092742
1.5298500 -9.5320570E-005 -0.00044618626
1.5299000 0.00017106162 -0.00039734109
1.5299500 0.00036294920 -0.00021363309
1.5300000 0.00041823944 3.9937415E-005
1.5300500 0.00032179193 0.00027471393
1.5301000 0.00011075128 0.00040865819
1.5301500 -0.00013795948 0.00039453277
1.5302000 -0.00033383234 0.00023637123
1.5302500 -0.00040382398 -1.1469854E-005
1.5303000 -0.00031770894 -0.00026249936
1.5303500 -9.9032601E-005 -0.00042747277
1.5304000 0.00018221700 -0.00044505335
1.5304500 0.00043291561 -0.00030330926
1.5305000 0.00056832463 -4.4613855E-005
1.5305500 0.00054118915 0.00024791893
1.5306000 0.00035847881 0.00047807691
1.5306500 7.9921170E-005 0.00056905148
1.5307000 -0.00020141149 0.00048982309
1.5307500 -0.00039011290 0.00026639796
1.5308000 -0.00042069568 -2.6113535E-005
1.5308500 -0.00028018490 -0.00028814998
1.5309000 -1.3284040E-005 -0.00042896921
1.5309500 0.00029186134 -0.00039741129
1.5310000 0.00053275227 -0.00019974143
1.5310500 0.00062686461 0.00010160821
1.5311000 0.00053972549 0.00040821722
1.5311500 0.00029721752 0.00061822589
1.5312000 -2.2215226E-005 0.00066047148
1.5312500 -0.00031308252 0.00051877638
1.5313000 -0.00047773620 0.00023813587
1.5313500 -0.00045905570 -8.9463985E-005
1.5314000 -0.00025998011 -0.00035506764
1.5314500 5.6763430E-005 -0.00046873855
1.5315000 0.00038882120 -0.00038956255
1.5315500 0.00062770618 -0.00013961843
1.5316000 0.00069456562 0.00020285154
1.5316500 0.00056633450 0.00052892836
1.5317000 0.00028352449 0.00073478023
1.5317500 -6.3020424E-005 0.00075585360
1.5318000 -0.00036206656 0.00058811391
1.5318500 -0.00051870940 0.00028923778
1.5319000 -0.00048565520 -4.0672439E-005
1.5319500 -0.00027863795 -0.00029244368
1.5320000 2.9175313E-005 -0.00038413512
1.5320500 0.00033191841 -0.00028816438
1.5321000 0.00052661727 -4.0189987E-005
1.5321500 0.00054771105 0.00027321214
1.5322000 0.00038892452 0.00054392888
1.5322500 0.00010515270 0.00067886538
1.5323000 -0.00020626582 0.00063137485
1.5323500 -0.00043857351 0.00041697600
1.5324000 -0.00051177745 0.00010805581
1.5324500 -0.00039977384 -0.00019066120
1.5325000 -0.00013923693 -0.00037759823
1.5325500 0.00018275602 -0.00038876854
1.5326000 0.00045820135 -0.00021950563
1.5326500 0.00059478257 7.3909852E-005
1.5327000 0.00054720822 0.00039332183
1.5327500 0.00033261256 0.00063204113
1.5328000 2.4733514E-005 0.00071115959
1.5328500 -0.00027122337 0.00060648017
1.5329000 -0.00045454369 0.00035684408
1.5329500 -0.00046356354 5.0924745E-005
1.5330000 -0.00029701282 -0.00020311727
1.5330500 -1.4757820E-005 -0.00031484758
1.5331000 0.00028246189 -0.00024294873
1.5331500 0.00048753359 -9.9842621E-006
1.5332000 0.00052401420 0.00030468067
1.5332500 0.00037303854 0.00059160154
1.5333000 8.0748902E-005 0.00074867858
1.5333500 -0.00025654287 0.00071658257
1.5334000 -0.00052467073 0.00050001290
1.5334500 -0.00063058357 0.00016730599
1.5335000 -0.00053472803 -0.00017179206
1.5335500 -0.00026566992 -0.00040292392
1.5336000 8.8322601E-005 -0.00044615142
1.5336500 0.00040823663 -0.00028393674
1.5337000 0.00058428404 3.1644578E-005
1.5337500 0.00055346273 0.00039526094
1.5338000 0.00032190075 0.00068308911
1.5338500 -3.5858348E-005 0.00079449417
1.5339000 -0.00040077456 0.00068661076
1.5339500 -0.00064872393 0.00038999981
1.5340000 -0.00069233497 -2.2494480E-007
1.5340500 -0.00051116351 -0.00035520169
1.5341000 -0.00015984780 -0.00055501750
1.5341500 0.00024883950 -0.00052910437
1.5342000 0.00058071547 -0.00028071666
1.5342500 0.00072463295 0.00011295554
1.5343000 0.00062984286 0.00052540234
1.5343500 0.00032366173 0.00082220256
1.5344000 -9.6703627E-005 0.00090555751
1.5344500 -0.00049572177 0.00074708222
1.5345000 -0.00074417035 0.00039776745
1.5345500 -0.00076203259 -2.8429399E-005
1.5346000 -0.00054529738 -0.00039209908
1.5346500 -0.00016757607 -0.00057461472
1.5347000 0.00024417968 -0.00051767576
1.5347500 0.00055189268 -0.00024288031
1.5348000 0.00065246721 0.00015534622
1.5348500 0.00051234792 0.00054123577
1.5349000 0.00017887521 0.00078312694
1.5349500 -0.00023548464 0.00079767234
1.5350000 -0.00059084721 0.00057792841
1.5350500 -0.00076694801 0.00019580086
1.5351000 -0.00070368754 -0.00022208317
1.5351500 -0.00042146681 -0.00053703663
1.5352000 -1.4354991E-005 -0.00064515823
1.5352500 0.00038171203 -0.00051251639
1.5353000 0.00063502692 -0.00018668658
1.5353500 0.00066290929 0.00021939013
1.5354000 0.00045995634 0.00056587897
1.5354500 0.00010002173 0.00073386977
1.5355000 -0.00028892305 0.00066627689
1.5355500 -0.00056864564 0.00038778523
1.5356000 -0.00063836303 -3.1596506E-006
1.5356500 -0.00046998116 -0.00036782755
1.5357000 -0.00011863945 -0.00057491615
1.5357500 0.00029534344 -0.00054626981
1.5358000 0.00062727310 -0.00028486293
1.5358500 0.00075790919 0.00012481539
1.5359000 0.00063531672 0.00054450995
1.5359500 0.00029422577 0.00082897654
1.5360000 -0.00015412048 0.00087602136
1.5360500 -0.00055864369 0.00066267140
1.5361000 -0.00077951077 0.00025481867
1.5361500 -0.00073635849 -0.00021344464
1.5362000 -0.00043708691 -0.00058427227
1.5362500 2.2992962E-005 -0.00072951321
1.5363000 0.00049191453 -0.00059504759
1.5363500 0.00081175500 -0.00022068487
1.5364000 0.00087232829 0.00027162609
1.5364500 0.00064959305 0.00071783590
1.5365000 0.00021538311 0.00096693848
1.5365500 -0.00028539092 0.00093268259
1.5366000 -0.00068289551 0.00062414501
1.5366500 -0.00083993101 0.00014434095
1.5367000 -0.00069943796 -0.00034325641
1.5367500 -0.00030556112 -0.00066948152
1.5368000 0.00020941992 -0.00071726544
1.5368500 0.00066850427 -0.00046281110
1.5369000 0.00090953565 1.4199877E-005
1.5369500 0.00084096050 0.00055545975
1.5370000 0.00047473105 0.00097619134
1.5370500 -7.5289493E-005 0.0011274242
1.5371000 -0.00062956608 0.00094744081
1.5371500 -0.0010021635 0.00048472210
1.5372000 -0.0010634083 -0.00011593876
1.5372500 -0.00078478673 -0.00066015492
1.5373000 -0.00025056004 -0.00096829957
1.5373500 0.00036842570 -0.00093605766
1.5374000 0.00087054089 -0.00057065562
1.5374500 0.0010904335 9.8654612E-006
1.5375000 0.00095489198 0.00061467074
1.5375500 0.00050848809 0.0010431743
1.5376000 -0.00010008886 0.0011521809
1.5376500 -0.00066692562 0.00090450952
1.5377000 -0.0010009442 0.00038243018
1.5377500 -0.00098835055 -0.00023906825
1.5378000 -0.00063161527 -0.00075061121
1.5378500 -4.9481026E-005 -0.00097897324
1.5379000 0.00056244812 -0.00084602046
1.5379500 0.00099758631 -0.00039590426
1.5380000 0.0011085923 0.00021910038
1.5380500 0.00085805910 0.00078974811
1.5381000 0.00033214338 0.0011209266
1.5381500 -0.00028795215 0.0010986324
1.5382000 -0.00078737956 0.00072983662
1.5382500 -0.00099127500 0.00014123499
1.5383000 -0.00082548095 -0.00046321156
1.5383500 -0.00034330092 -0.00087188713
1.5384000 0.00029140205 -0.00093867520
1.5384500 0.00085956372 -0.00063446998
1.5385000 0.0011621915 -5.8921501E-005
1.5385500 0.0010898288 0.00059227718
1.5386000 0.00066205770 0.0010939655
1.5386500 2.2826722E-005 0.0012694537
1.5387000 -0.00060756833 0.0010529746
1.5387500 -0.0010079754 0.00051465849
1.5388000 -0.0010336254 -0.00016138578
1.5388500 -0.00066826077 -0.00073920070
1.5389000 -3.2456614E-005 -0.0010125114
1.5389500 0.00065572484 -0.00087763794
1.5390000 0.0011550867 -0.00037213005
1.5390500 0.0012854907 0.00033518425
1.5391000 0.00099267663 0.0010004423
1.5391500 0.00037052024 0.0013887611
1.5392000 -0.00036818984 0.0013573114
1.5392500 -0.00096361332 0.00090829354
1.5393000 -0.0011993488 0.00019237291
1.5393500 -0.00098032874 -0.00054008721
1.5394000 -0.00037037522 -0.0010244516
1.5394500 0.00042504921 -0.0010750342
1.5395000 0.0011266100 -0.00065360536
1.5395500 0.0014772582 0.00011171989
1.5396000 0.0013339556 0.00096555489
1.5396500 0.00072257688 0.0016105855
1.5397000 -0.00016462680 0.0018108690
1.5397500 -0.0010302299 0.0014774674
1.5398000 -0.0015722146 0.00070568205
1.5398500 -0.0015901397 -0.00025103162
1.5399000 -0.0010598632 -0.0010637851
1.5399500 -0.00014937119 -0.0014408480
1.5400000 0.00083220738 -0.0012318431
1.5400500 0.0015372596 -0.00048669736
1.5401000 0.0017002103 0.00055316458
1.5401500 0.0012344756 0.0015311373
1.5402000 0.00027094134 0.0020954280
1.5402500 -0.00087798032 0.0020226571
1.5403000 -0.0018193760 0.0013020566
1.5403500 -0.0022135164 0.00014917112
1.5404000 -0.0018950214 -0.0010588033
1.5404500 -0.00093874531 -0.0019069682
1.5405000 0.00035499489 -0.0020854411
1.5405500 0.0015542866 -0.0015020439
1.5406000 0.0022394824 -0.00032447759
1.5406500 0.0021493323 0.0010657892
1.5407000 0.0012788052 0.0021958351
1.5407500 -0.00010743873 0.0026607866
1.5408000 -0.0015543050 0.0022669109
1.5408500 -0.0025648975 0.0011080717
1.5409000 -0.0027701650 -0.00045379922
1.5409500 -0.0020618573 -0.0019016311
1.5410000 -0.00064129832 -0.0027345773
1.5410500 0.0010364563 -0.0026411748
1.5411000 0.0024082503 -0.0016146496
1.5411500 0.0029918090 3.1808234E-005
1.5412000 0.0025547473 0.0017592088
1.5412500 0.0012045734 0.0029784071
1.5413000 -0.00063448584 0.0032500248
1.5413500 -0.0023543376 0.0024407856
1.5414000 -0.0033640810 0.00078075559
1.5414500 -0.0032926492 -0.0012019852
1.5415000 -0.0021233172 -0.0028513001
1.5415500 -0.00021126609 -0.0036028251
1.5416000 0.0018259813 -0.0031796464
1.5416500 0.0033118077 -0.0016954672
1.5417000 0.0037403252 0.00037347099
1.5417500 0.0029540874 0.0023422457
1.5418000 0.0012064101 0.0035474843
1.5418500 -0.00091689945 0.0035762548
1.5419000 -0.0026933132 0.0024137578
1.5419500 -0.0035117827 0.00045576172
1.5420000 -0.0030876876 -0.0016224808
1.5420500 -0.0015677297 -0.0030986784
1.5421000 0.00051557328 -0.0034577587
1.5421500 0.0024279022 -0.0025778846
1.5422000 0.0034937086 -0.00077945612
1.5422500 0.0033415389 0.0012847984
1.5423000 0.0020443342 0.0028637508
1.5423500 9.9640457E-005 0.0033842748
1.5424000 -0.0017488942 0.0026694754
1.5424500 -0.0027885962 0.0010149807
1.5425000 -0.0026135760 -0.00091178083
1.5425500 -0.0012945006 -0.0023199151
1.5426000 0.00062858952 -0.0026041453
1.5426500 0.0023386740 -0.0015991039
1.5427000 0.0030574110 0.00032388965
1.5427500 0.0023700212 0.0023676465
1.5428000 0.00043231382 0.0036016909
1.5428500 -0.0020330485 0.0033381053
1.5429000 -0.0039712073 0.0014503079
1.5429500 -0.0043932891 -0.0014979564
1.5430000 -0.0027998029 -0.0043870945
1.5430500 0.00053494238 -0.0059197324
1.5431000 0.0045479248 -0.0051258342
1.5431500 0.0076852681 -0.0018144844
1.5432000 0.0084417707 0.0032114284
1.5432500 0.0059689980 0.0082958368
1.5433000 0.00052861469 0.011425173
1.5433500 -0.0064057365 0.010944771
1.5434000 -0.012491363 0.0062594436
1.5434500 -0.015245607 -0.0017470723
1.5435000 -0.012950892 -0.010774365
1.5435500 -0.0054295867 -0.017702754
1.5436000 0.0056157808 -0.019591972
1.5436500 0.016889460 -0.014781664
1.5437000 0.024411933 -0.0037126806
1.5437500 0.024823686 0.010868854
1.5438000 0.016680838 0.024493381
1.5438500 0.0012835048 0.032251418
1.5439000 -0.017325498 0.030435523
1.5439500 -0.033317107 0.018022193
1.5440000 -0.040799578 -0.0025445426
1.5440500 -0.035828917 -0.025642432
1.5441000 -0.018058342 -0.043892677
1.5441500 0.0085899703 -0.050394186
1.5442000 0.036601540 -0.041128090
1.5442500 0.056859290 -0.016741991
1.5443000 0.061461376 0.016976737
1.5443500 0.046535962 0.050282228
1.5444000 0.014109544 0.072140362
1.5444500 -0.027724941 0.073701642
1.5445000 -0.066627697 0.051531167
1.5445500 -0.089484565 0.0094924279
1.5446000 -0.086606355 -0.041517827
1.5446500 -0.055367486 -0.086181910
1.5447000 -0.0020132568 -0.10917115
1.5447500 0.059197157 -0.10014098
1.5448000 0.10957633 -0.057750003
1.5448500 0.13149958 0.0087366941
1.5449000 0.11424999 0.081089386
1.5449500 0.058357314 0.13687167
1.5450000 -0.023165452 0.15615327
1.5450500 -0.10746896 0.12823963
1.5451000 -0.16801212 0.056241814
1.5451500 -0.18263998 -0.042251171
1.5452000 -0.14121733 -0.13908206
1.5452500 -0.050300166 -0.20330041
1.5453000 0.067013500 -0.21074915
1.5453500 0.17656854 -0.15257819
1.5454000 0.24281700 -0.039812666
1.5454500 0.24001644 0.097945446
1.5455000 0.16152341 0.21991658
1.5455500 0.023982107 0.28592952
1.5456000 -0.13548843 0.26927870
1.5456500 -0.26895166 0.16663935
1.5457000 -0.33177940 0.0015474798
1.5457500 -0.29717900 -0.18034676
1.5458000 -0.16649404 -0.32357990
1.5458500 0.028469912 -0.37954167
1.5459000 0.23264085 -0.32256979
1.5459500 0.38299882 -0.16022446
1.5460000 0.42783498 0.066115182
1.5460500 0.34410279 0.29139234
1.5461000 0.14712365 0.44541825
1.5461500 -0.11109481 0.47458067
1.5462000 -0.35530775 0.36003767
1.5462500 -0.50888838 0.12632159
1.5463000 -0.51777617 -0.16312660
1.5463500 -0.36904283 -0.42305344
1.5464000 -0.097759688 -0.57158336
1.5464500 0.22083685 -0.55601657
1.5465000 0.49232707 -0.37103427
1.5465500 0.63132302 -0.063063051
1.5466000 0.58834624 0.28131521
1.5466500 0.36683438 0.56000257
1.5467000 0.024545576 0.68591501
1.5467500 -0.34166985 0.61415893
1.5468000 -0.62363445 0.35736638
1.5468500 -0.73407039 -0.015912515
1.5469000 -0.63359681 -0.39982799
1.5469500 -0.34410490 -0.68171812
1.5470000 0.055952087 -0.77552158
1.5470500 0.45336653 -0.64803090
1.5471000 0.73280712 -0.32989810
1.5471500 0.81060050 0.092120682
1.5472000 0.65960554 0.49951052
1.5472500 0.31783134 0.77580473
1.5473000 -0.12169561 0.84001330
1.5473500 -0.53686109 0.67006517
1.5474000 -0.81077636 0.30961019
1.5474500 -0.86476159 -0.14373060
1.5475000 -0.68069745 -0.56536266
1.5475500 -0.30643603 -0.83837127
1.5476000 0.15725157 -0.88606538
1.5476500 0.58446316 -0.69325962
1.5477000 0.85879241 -0.31040937
1.5477500 0.90507400 0.16034355
1.5478000 0.70955384 0.59306609
1.5478500 0.32323895 0.87200430
1.5479000 -0.15209927 0.92239058
1.5479500 -0.59119064 0.73000700
1.5480000 -0.87840519 0.34459824
1.5480500 -0.93804731 -0.13350042
1.5481000 -0.75396770 -0.57984310
1.5481500 -0.37348864 -0.87844863
1.5482000 0.10525235 -0.95191717
1.5482500 0.55907387 -0.78123098
1.5483000 0.87173328 -0.41018458
1.5483500 0.96368125 0.066458866
1.5484000 0.81193544 0.52768252
1.5484500 0.45522850 0.85716089
1.5485000 -0.016477401 0.97244803
1.5485500 -0.48507181 0.84517432
1.5486000 -0.83395946 0.50749594
1.5486500 -0.97689860 0.043521494
1.5487000 -0.87899450 -0.43192037
1.5487500 -0.56484038 -0.80180912
1.5488000 -0.11196830 -0.97569037
1.5488500 0.36861832 -0.91160249
1.5489000 0.75988353 -0.62586065
1.5489500 0.96730359 -0.18846998
1.5490000 0.94150174 0.29444967
1.5490500 0.68958938 0.70667315
1.5491000 0.27274764 0.94984081
1.5491500 -0.20902976 0.96666766
1.5492000 -0.64111340 0.75402609
1.5492500 -0.92146907 0.36306690
1.5493000 -0.98453684 -0.11339332
1.5493500 -0.81626021 -0.56307403
1.5494000 -0.45688945 -0.88072033
1.5494500 0.0089446349 -0.99264610
1.5495000 0.47240918 -0.87361203
1.5495500 0.82603590 -0.55218837
1.5496000 0.98860950 -0.10352934
1.5496500 0.92359184 0.36852353
1.5497000 0.64695442 0.75564149
1.5497500 0.22286506 0.96981411
1.5498000 -0.25150419 0.96310585
1.5498500 -0.66837376 0.73802491
1.5499000 -0.93378968 0.34638014
1.5499500 -0.98860461 -0.12290411
1.5500000 -0.82138889 -0.56412198
1.5500500 -0.47050866 -0.87861988
1.5501000 -0.015051747 -0.99676181
1.5501500 0.44321814 -0.89314111
1.5502000 0.80271114 -0.59173980
1.5502500 0.98448860 -0.16005584
1.5503000 0.94938755 0.30628687
1.5503500 0.70613084 0.70485450
1.5504000 0.30884754 0.94885564
1.5504500 -0.15522851 0.98583638
1.5505000 -0.58503239 0.80866886
1.5505500 -0.88765522 0.45661810
1.5506000 -0.99829868 0.0064151513
1.5506500 -0.89395306 -0.44461864
1.5507000 -0.59794039 -0.79968076
1.5507500 -0.17445276 -0.98324012
1.5508000 0.28560882 -0.95696641
1.5508500 0.68431393 -0.72747766
1.5509000 0.93757573 -0.34438900
1.5509500 0.99273734 0.11071772
1.5510000 0.83922704 0.54185719
1.5510500 0.51022202 0.85889594
1.5511000 0.075198070 0.99623496
1.5511500 -0.37489369 0.92611920
1.5512000 -0.74664930 0.66396814
1.5512500 -0.96349514 0.26477714
1.5513000 -0.98130529 -0.18856097
1.5513500 -0.79720278 -0.60254750
1.5514000 -0.44979721 -0.89238670
1.5514500 -0.010883620 -0.99931203
1.5515000 0.42959155 -0.90236435
1.5515500 0.78209421 -0.62225591
1.5516000 0.97570149 -0.21665677
1.5516500 0.97220832 0.23195003
1.5517000 0.77337239 0.63319660
1.5517500 0.42002042 0.90701457
1.5518000 -0.016590945 0.99943191
1.5518500 -0.44926771 0.89294007
1.5519000 -0.79227047 0.60953458
1.5519500 -0.97818060 0.20597735
1.5520000 -0.97098184 -0.23768688
1.5520500 -0.77285942 -0.63405353
1.5521000 -0.42344591 -0.90557275
1.5521500 0.0082761848 -0.99966547
1.5522000 0.43775092 -0.89877869
1.5522500 0.78151573 -0.62345009
1.5523000 0.97342370 -0.22788051
1.5523500 0.97723954 0.21097641
1.5524000 0.79323123 0.60853592
1.5524500 0.45763098 0.88889140
1.5525000 0.035251815 0.99916584
1.5525500 -0.39317168 0.91924479
1.5526000 -0.74642499 0.66517928
1.5526500 -0.95810933 0.28575868
1.5527000 -0.98895993 -0.14699175
1.5527500 -0.83394681 -0.55154054
1.5528000 -0.52289978 -0.85220606
1.5528500 -0.11460828 -0.99325658
1.5529000 0.31443157 -0.94912597
1.5529500 0.68444665 -0.72887106
1.5530000 0.92723882 -0.37411323
1.5530500 0.99866869 0.049041564
1.5531000 0.88649134 0.46248071
1.5531500 0.61219674 0.79055739
1.5532000 0.22665771 0.97385939
1.5532500 -0.19947795 0.97979276
1.5533000 -0.58880282 0.80814946
1.5533500 -0.87117593 0.49077017
1.5534000 -0.99624566 0.085472593
1.5534500 -0.94226981 -0.33458378
1.5535000 -0.71971706 -0.69414221
1.5535500 -0.36907445 -0.92931001
1.5536000 0.046675698 -0.99882987
1.5536500 0.45349332 -0.89117332
1.5537000 0.77952789 -0.62624948
1.5537500 0.96777971 -0.25151609
1.5538000 0.98593730 0.16670651
1.5538500 0.83171658 0.55508215
1.5539000 0.53287227 0.84612103
1.5539500 0.14200540 0.98980446
1.5540000 -0.27282107 0.96200394
1.5540500 -0.63996812 0.76832807
1.5541000 -0.89654365 0.44283271
1.5541500 -0.99906944 0.041898557
1.5542000 -0.93071051 -0.36561853
1.5542500 -0.70388328 -0.71024705
1.5543000 -0.35785265 -0.93372771
1.5543500 0.048212366 -0.99879166
1.5544000 0.44547740 -0.89524423
1.5544500 0.76717550 -0.64137126
1.5545000 0.95980776 -0.28051251
1.5545500 0.99192456 0.12651722
1.5546000 0.85906666 0.51178904
1.5546500 0.58413789 0.81160888
1.5547000 0.21326338 0.97695811
1.5547500 -0.19207871 0.98134421
1.5548000 -0.56529161 0.82485045
1.5548500 -0.84556429 0.53381268
1.5549000 -0.98768491 0.15625439
1.5549500 -0.96920715 -0.24612259
1.5550000 -0.79385375 -0.60805992
1.5550500 -0.49065398 -0.87132144
1.5551000 -0.10900383 -0.99401319
1.5551500 0.28949956 -0.95714977
1.5552000 0.64107890 -0.76744059
1.5552500 0.88999854 -0.45590712
1.5553000 0.99733363 -0.072634403
1.5553500 0.94691207 0.32141721
1.5554000 0.74755183 0.66416796
1.5554500 0.43133446 0.90216665
1.5555000 0.048284745 0.99881122
1.5555500 -0.34163316 0.93981020
1.5556000 -0.67791458 0.73511181
1.5556500 -0.90884668 0.41708071
1.5557000 -0.99935767 0.035268568
1.5557500 -0.93621465 -0.35137263
1.5558000 -0.72981763 -0.68361376
1.5558500 -0.41236121 -0.91099983
1.5559000 -0.032692625 -0.99944711
1.5559500 0.35130109 -0.93624341
1.5560000 0.68157320 -0.73172601
1.5560500 0.90868622 -0.41743876
1.5561000 0.99913757 -0.041117536
1.5561500 0.94016570 0.34066951
1.5562000 0.74137372 0.67106853
1.5562500 0.43300503 0.90137411
1.5563000 0.061205585 0.99810980
1.5563500 -0.31896435 0.94775084
1.5564000 -0.65170394 0.75845402
1.5564500 -0.88862438 0.45860420
1.5565000 -0.99570351 0.092445565
1.5565500 -0.95805862 -0.28652379
1.5566000 -0.78188177 -0.62340486
1.5566500 -0.49330059 -0.86984352
1.5567000 -0.13437727 -0.99091698
1.5567500 0.24312701 -0.96998115
1.5568000 0.58527973 -0.81081580
1.5568500 0.84368623 -0.53681339
1.5569000 0.98227237 -0.18739391
1.5569500 0.98219920 0.18777809
1.5570000 0.84426437 0.53590480
1.5570500 0.58851921 0.80846879
1.5571000 0.25122389 0.96791713
1.5571500 -0.12037944 0.99271655
1.5572000 -0.47471626 0.88012621
1.5572500 -0.76302225 0.64635520
1.5573000 -0.94600211 0.32412700
1.5573500 -0.99910772 -0.041980577
1.5574000 -0.91573502 -0.40175647
1.5574500 -0.70792891 -0.70626895
1.5575000 -0.40453143 -0.91451285
1.5575500 -0.047064339 -0.99888170
1.5576000 0.31605086 -0.94873169
1.5576500 0.63611056 -0.77158510
1.5577000 0.87066257 -0.49186089
1.5577500 0.98907227 -0.14736592
1.5578000 0.97640093 0.21592155
1.5578500 0.83513026 0.55003506
1.5579000 0.58457037 0.81133151
1.5579500 0.25809460 0.96611009
1.5580000 -0.10138537 0.99483804
1.5580500 -0.44708567 0.89448103
1.5581000 -0.73441684 0.67868548
1.5581500 -0.92667900 0.37583013
1.5582000 -0.99967298 0.025226145
1.5582500 -0.94465861 -0.32802848
1.5583000 -0.76930363 -0.63886983
1.5583500 -0.49652508 -0.86801252
1.5584000 -0.16139796 -0.98688081
1.5584500 0.19344380 -0.98110279
1.5585000 0.52329623 -0.85214106
1.5585500 0.78704124 -0.61688700
1.5586000 0.95224223 -0.30531681
1.5586500 0.99904777 0.043443113
1.5587000 0.92244706 0.38610270
1.5587500 0.73264710 0.68059697
1.5588000 0.45358288 0.89120519
1.5588500 0.11979710 0.99279046
1.5589000 -0.22789122 0.97367856
1.5589500 -0.54738478 0.83687176
1.5590000 -0.80036973 0.59949382
1.5590500 -0.95684658 0.29056716
1.5591000 -0.99860862 -0.052588503
1.5591500 -0.92127473 -0.38889291
1.5592000 -0.73465501 -0.67842975
1.5592500 -0.46142635 -0.88717006
1.5593000 -0.13429671 -0.99093364
1.5593500 0.20798201 -0.97812506
1.5594000 0.52525613 -0.85093551
1.5594500 0.78069953 -0.62489483
1.5595000 0.94506405 -0.32686286
1.5595500 0.99995858 0.0082639753
1.5596000 0.93979817 0.34170885
1.5596500 0.77223514 0.63532551
1.5597000 0.51706904 0.85593532
1.5597500 0.20380575 0.97900406
1.5598000 -0.13182012 0.99126649
1.5598500 -0.45194419 0.89203829
1.5599000 -0.72082573 0.69310619
1.5599500 -0.90878739 0.41724269
1.5600000 -0.99541889 0.095536783
1.5600500 -0.97171033 -0.23614642
1.5601000 -0.84090080 -0.54117649
1.5601500 -0.61796970 -0.78619314
1.5602000 -0.32784702 -0.94472354
1.5602500 -0.0025592197 -0.99998987
1.5603000 0.32235740 -0.94661082
1.5603500 0.61176692 -0.79102947
1.5604000 0.83473084 -0.55064586
1.5604500 0.96777794 -0.25177837
1.5605000 0.99730355 0.073294988
1.5605500 0.92086208 0.38987128
1.5606000 0.74724520 0.66453836
1.5606500 0.49537294 0.86867273
1.5607000 0.19214838 0.98135911
1.5607500 -0.13047128 0.99144540
1.5608000 -0.43886461 0.89854584
1.5608500 -0.70123849 0.71291752
1.5609000 -0.89086667 0.45425039
1.5609500 -0.98875243 0.14951753
1.5610000 -0.98545851 -0.16987764
1.5610500 -0.88193571 -0.47135584
1.5611000 -0.68928476 -0.72448151
1.5611500 -0.42749488 -0.90401057
1.5612000 -0.12330540 -0.99236222
1.5612500 0.19257587 -0.98127548
1.5613000 0.48860288 -0.87249887
1.5613500 0.73554618 -0.67746505
1.5614000 0.90935439 -0.41600684
1.5614500 0.99344355 -0.11426746
1.5615000 0.98020232 0.19796606
1.5615500 0.87158700 0.49022779
1.5616000 0.67877400 0.73433852
1.5616500 0.42093077 0.90708573
1.5617000 0.12324750 0.99236954
1.5617500 -0.18556325 0.98262585
1.5618000 -0.47604938 0.87941133
1.5618500 -0.72081682 0.69311646
1.5619000 -0.89708016 0.44185351
1.5619500 -0.98873396 0.14964131
1.5620000 -0.98776178 -0.15592958
1.5620500 -0.89486484 -0.44632309
1.5621000 -0.71926711 -0.69472458
1.5621500 -0.47773178 -0.87849859
1.5622000 -0.19289762 -0.98121249
1.5622500 0.10889464 -0.99404699
1.5623000 0.40007133 -0.91647717
1.5623500 0.65435425 -0.75617988
1.5624000 0.84911427 -0.52819738
1.5624500 0.96734062 -0.25345543
1.5625000 0.99905975 0.043210595
1.5625500 0.94209431 0.33532948
1.5626000 0.80211635 0.59715737
1.5626500 0.59201250 0.80592107
1.5627000 0.33063731 0.94375132
1.5627500 0.041079568 0.99914967
1.5628000 -0.25139766 0.96787748
1.5628500 -0.52156092 0.85320679
1.5629000 -0.74636551 0.66552696
1.5629500 -0.90688938 0.42135409
1.5630000 -0.98988365 0.14183794
1.5630500 -0.98881611 -0.14909840
1.5631000 -0.90432849 -0.42682272
1.5631500 -0.74407848 -0.66808298
1.5632000 -0.52199138 -0.85294353
1.5632500 -0.25699589 -0.96640612
1.5633000 0.028636978 -0.99958372
1.5633500 0.31120165 -0.95033743
1.5634000 0.56754376 -0.82333577
1.5634500 0.77695422 -0.62954734
1.5635000 0.92281542 -0.38522648
1.5635500 0.99387080 -0.11049245
1.5636000 0.98502655 0.17236720
1.5636500 0.89763684 0.44072198
1.5637000 0.73926850 0.67340170
1.5637500 0.52298252 0.85233624
1.5638000 0.26620548 0.96390997
1.5638500 -0.010708206 0.99993656
1.5639000 -0.28610372 0.95819228
1.5639500 -0.53871443 0.84248119
1.5640000 -0.74928324 0.66224046
1.5640500 -0.90199739 0.43172734
1.5641000 -0.98563414 0.16885832
1.5641500 -0.99433808 -0.10620536
1.5642000 -0.92797958 -0.37261467
1.5642500 -0.79207568 -0.61041290
1.5643000 -0.59728775 -0.80201941
1.5643500 -0.35854230 -0.93350694
1.5644000 -0.093848922 -0.99558032
1.5644500 0.17708827 -0.98418877
1.5645000 0.43435616 -0.90073444
1.5645500 0.65930036 -0.75187156
1.5646000 0.83586575 -0.54892282
1.5646500 0.95171356 -0.30696761
1.5647000 0.99903947 -0.043680211
1.5647500 0.97504291 0.22198905
1.5648000 0.88202560 0.47118856
1.5648500 0.72712527 0.68649594
1.5649000 0.52171657 0.85311175
1.5649500 0.28053267 0.95983814
1.5650000 0.020577984 0.99978217
1.5650500 -0.24008659 0.97074521
1.5651000 -0.48359964 0.87528237
1.5651500 -0.69351051 0.72043806
1.5652000 -0.85586644 0.51718514
1.5652500 -0.96010640 0.27961316
1.5653000 -0.99970763 0.023926520
1.5653500 -0.97254802 -0.23267609
1.5654000 -0.88096769 -0.47316356
1.5654500 -0.73153280 -0.68179732
1.5655000 -0.53452506 -0.84514542
1.5655500 -0.30319756 -0.95292133
1.5656000 -0.052852710 -0.99859622
1.5656500 0.20019177 -0.97975051
1.5657000 0.43967729 -0.89814903
1.5657500 0.65044744 -0.75954324
1.5658000 0.81939249 -0.57322226
1.5658500 0.93623758 -0.35135024
1.5659000 0.99412955 -0.10813993
1.5659500 0.98999215 0.14107919
1.5660000 0.92463613 0.38083569
1.5660500 0.80262613 0.59647219
1.5661000 0.63192179 0.77502428
1.5661500 0.42332274 0.90597220
1.5662000 0.18975802 0.98182465
1.5662500 -0.054532748 0.99850585
1.5663000 -0.29487452 0.95552957
1.5663500 -0.51703539 0.85595685
1.5664000 -0.70805742 0.70614617
1.5664500 -0.85699267 0.51531667
1.5665000 -0.95550478 0.29495477
1.5665500 -0.99830445 0.058102634
1.5666000 -0.98339812 -0.18142719
1.5666500 -0.91214002 -0.40986370
1.5667000 -0.78908966 -0.61426799
1.5667500 -0.62168795 -0.78325714
1.5668000 -0.41977576 -0.90762105
1.5668500 -0.19498717 -0.98079949
1.5669000 0.039943543 -0.99919575
1.5669500 0.27191870 -0.96231380
1.5670000 0.48821369 -0.87271703
1.5670500 0.67717126 -0.73581703
1.5671000 0.82881569 -0.55951063
1.5671500 0.93535550 -0.35369150
1.5672000 0.99155118 -0.12966823
1.5672500 0.99493333 0.10047509
1.5673000 0.94586575 0.32453897
1.5673500 0.84745655 0.53085304
1.5674000 0.70532860 0.70887171
1.5674500 0.52726720 0.84969219
1.5675000 0.32276810 0.94647148
1.5675500 0.10251297 0.99472538
1.5676000 -0.12219865 0.99249935
1.5676500 -0.34003096 0.94040757
1.5677000 -0.54017814 0.84154324
1.5677500 -0.71288792 0.70126902
1.5678000 -0.84991864 0.52690200
1.5678500 -0.94490976 0.32731168
1.5679000 -0.99365065 0.11245336
1.5679500 -0.99423774 -0.10713862
1.5680000 -0.94711584 -0.32087213
1.5680500 -0.85500512 -0.51860733
1.5681000 -0.72272056 -0.69113117
1.5681500 -0.55689600 -0.83057457
1.5682000 -0.36562908 -0.93075380
1.5682500 -0.15806661 -0.98742198
1.5683000 0.056047379 -0.99842170
1.5683500 0.26683825 -0.96373468
1.5684000 0.46475892 -0.88543001
1.5684500 0.64101831 -0.76751720
1.5685000 0.78796103 -0.61571464
1.5685500 0.89938246 -0.43714788
1.5686000 0.97076758 -0.23999451
1.5686500 0.99944575 -0.033094311
1.5687000 0.98465832 0.17445627
1.5687500 0.92753997 0.37370654
1.5688000 0.83101841 0.55623319
1.5688500 0.69964068 0.71448572
1.5689000 0.53933679 0.84208237
1.5689500 0.35713346 0.93404634
1.5690000 0.16083218 0.98697510
1.5690500 -0.041333504 0.99913880
1.5691000 -0.24104672 0.97050669
1.5691500 -0.43024754 0.90270359
1.5692000 -0.60145154 0.79890095
1.5692500 -0.74803476 0.66364949
1.5693000 -0.86447511 0.50266229
1.5693500 -0.94654233 0.32255879
1.5694000 -0.99143081 0.13058122
1.5694500 -0.99783235 -0.065704327
1.5695000 -0.96594800 -0.25871000
1.5695500 -0.89744084 -0.44111937
1.5696000 -0.79533364 -0.60616063
1.5696500 -0.66385753 -0.74784989
1.5697000 -0.50825930 -0.86119609
1.5697500 -0.33457661 -0.94236122
1.5698000 -0.14939089 -0.98877120
1.5698500 0.040431428 -0.99917535
1.5699000 0.22799903 -0.97365418
1.5699500 0.40664716 -0.91357761
1.5700000 0.57017129 -0.82151726
1.5700500 0.71303496 -0.70111840
1.5701000 0.83054545 -0.55693810
1.5701500 0.91899231 -0.39425736
1.5702000 0.97574554 -0.21887511
1.5702500 0.99931203 -0.036892602
1.5703000 0.98935039 0.14550371
1.5703500 0.94664580 0.32225330
1.5704000 0.87304788 0.48761951
1.5704500 0.77137565 0.63636853
1.5705000 0.64529450 0.76392423
1.5705500 0.49917060 0.86649516
1.5706000 0.33790882 0.94117091
1.5706500 0.16678011 0.98598649
1.5707000 -0.0087556704 0.99995411
1.5707500 -0.18322562 0.98306315
1.5708000 -0.35131301 0.93624990
1.5708500 -0.50801503 0.86133926
1.5709000 -0.64878466 0.76096187
1.5709500 -0.76965326 0.63844988
1.5710000 -0.86733107 0.49771588
1.5710500 -0.93928346 0.34311915
1.5711000 -0.98378201 0.17932378
1.5711500 -0.99992976 0.011153371
1.5712000 -0.98766130 -0.15655341
1.5712500 -0.94771848 -0.31908205
1.5713000 -0.88160396 -0.47197246
1.5713500 -0.79151454 -0.61113677
1.5714000 -0.68025743 -0.73296186
1.5714500 -0.55115258 -0.83439436
1.5715000 -0.40792448 -0.91300635
1.5715500 -0.25458717 -0.96704095
1.5716000 -0.095326078 -0.99543740
1.5716500 0.065619943 -0.99783593
1.5717000 0.22407283 -0.97456335
1.5717500 0.37602295 -0.92660073
1.5718000 0.51772746 -0.85553508
1.5718500 0.64579713 -0.76349714
1.5719000 0.75727002 -0.65308785
1.5719500 0.84967072 -0.52729602
1.5720000 0.92105433 -0.38940999
1.5720500 0.97003508 -0.24292584
1.5721000 0.99579958 -0.091454783
1.5721500 0.99810548 0.061367804
1.5722000 0.97726618 0.21196965
1.5722500 0.93412310 0.35692314
1.5723000 0.87000670 0.49301946
1.5723500 0.78668804 0.61733420
1.5724000 0.68632246 0.72728316
1.5724500 0.57138724 0.82066781
1.5725000 0.44461500 0.89570992
1.5725500 0.30892456 0.95107522
1.5726000 0.16735100 0.98588630
1.5726500 0.022976468 0.99972492
1.5727000 -0.12113686 0.99262449
1.5727500 -0.26201028 0.96505325
1.5728000 -0.39680748 0.91788922
1.5728500 -0.52288781 0.85238768
1.5729000 -0.63785318 0.77014243
1.5729500 -0.73958795 0.67304183
1.5730000 -0.82629136 0.56322092
1.5730500 -0.89650230 0.44301062
1.5731000 -0.94911621 0.31488531
1.5731500 -0.98339430 0.18140980
1.5732000 -0.99896523 0.045186903
1.5732500 -0.99581958 -0.091193547
1.5733000 -0.97429764 -0.22520323
1.5733500 -0.93507107 -0.35442058
1.5734000 -0.87911904 -0.47657215
1.5734500 -0.80769967 -0.58956933
1.5735000 -0.72231744 -0.69154007
1.5735500 -0.62468757 -0.78085529
1.5736000 -0.51669796 -0.85614959
1.5736500 -0.40036974 -0.91633636
1.5737000 -0.27781709 -0.96061710
1.5737500 -0.15120726 -0.98848531
1.5738000 -0.022721335 -0.99972488
1.5738500 0.10548343 -0.99440362
1.5739000 0.23130919 -0.97286205
1.5739500 0.35275044 -0.93569803
1.5740000 0.46792386 -0.88374775
1.5740500 0.57509479 -0.81806351
1.5741000 0.67269994 -0.73988904
1.5741500 0.75936628 -0.65063268
1.5742000 0.83392593 -0.55183925
1.5742500 0.89542711 -0.44516095
1.5743000 0.94314104 -0.33232795
1.5743500 0.97656516 -0.21511915
1.5744000 0.99542257 -0.095333520
1.5744500 0.99965814 0.025237490
1.5745000 0.98943142 0.14483619
1.5745500 0.96510662 0.26176310
1.5746000 0.92724017 0.37439947
1.5746500 0.87656597 0.48122754
1.5747000 0.81397877 0.58084842
1.5747500 0.74051609 0.67199751
1.5748000 0.65733894 0.75355731
1.5748500 0.56571166 0.82456758
1.5749000 0.46698133 0.88423302
1.5749500 0.36255691 0.93192822
1.5750000 0.25388852 0.96720029
1.5750500 0.14244704 0.98976896
1.5751000 0.029704321 0.99952452
1.5751500 -0.082885716 0.99652364
1.5752000 -0.19390504 0.98098313
1.5752500 -0.30198822 0.95327213
1.5753000 -0.40583778 0.91390250
1.5753500 -0.50423811 0.86351800
1.5754000 -0.59606778 0.80288219
1.5754500 -0.68031026 0.73286537
1.5755000 -0.75606285 0.65443075
1.5755500 -0.82254403 0.56862005
1.5756000 -0.87909895 0.47653873
1.5756500 -0.92520325 0.37934099
1.5757000 -0.96046525 0.27821485
1.5757500 -0.98462644 0.17436732
1.5758000 -0.99756043 0.069009972
1.5758500 -0.99927045 -0.036655039
1.5759000 -0.98988536 -0.14144829
1.5759500 -0.96965450 -0.24422567
1.5760000 -0.93894133 -0.34389007
1.5760500 -0.89821593 -0.43940217
1.5761000 -0.84804674 -0.52979007
1.5761500 -0.78909140 -0.61415792
1.5762000 -0.72208700 -0.69169335
1.5762500 -0.64783978 -0.76167366
1.5763000 -0.56721452 -0.82347092
1.5763500 -0.48112367 -0.87655570
1.5764000 -0.39051633 -0.92049974
1.5764500 -0.29636730 -0.95497735
1.5765000 -0.19966630 -0.97976571
1.5765500 -0.10140737 -0.99474409
1.5766000 -0.0025787130 -0.99989197
1.5766500 0.095847129 -0.99528631
1.5767000 0.19292243 -0.98109779
1.5767500 0.28773293 -0.95758635
1.5768000 0.37940575 -0.92509594
1.5768500 0.46711663 -0.88404868
1.5769000 0.55009639 -0.83493843
1.5769500 0.62763658 -0.77832390
1.5770000 0.69909435 -0.71482150
1.5770500 0.76389646 -0.64509773
1.5771000 0.82154252 -0.56986161
1.5771500 0.87160735 -0.48985683
1.5772000 0.91374260 -0.40585397
1.5772500 0.94767758 -0.31864280
1.5773000 0.97321933 -0.22902461
1.5773500 0.99025202 -0.13780489
1.5774000 0.99873567 -0.045786100
1.5774500 0.99870423 0.046239160
1.5775000 0.99026316 0.13749462
1.5775500 0.97358637 0.22722647
1.5776000 0.94891281 0.31470902
1.5776500 0.91654260 0.39924994
1.5777000 0.87683275 0.48019498
1.5777500 0.83019264 0.55693221
1.5778000 0.77707921 0.62889581
1.5778500 0.71799196 0.69556921
1.5779000 0.65346779 0.75648786
1.5779500 0.58407573 0.81124140
1.5780000 0.51041166 0.85947536
1.5780500 0.43309293 0.90089235
1.5781000 0.35275312 0.93525281
1.5781500 0.27003677 0.96237526
1.5782000 0.18559426 0.98213609
1.5782500 0.10007683 0.99446901
1.5783000 0.014131701 0.99936404
1.5783500 -0.071602519 0.99686609
1.5784000 -0.15650029 0.98707327
1.5784500 -0.23995331 0.97013482
1.5785000 -0.32137446 0.94624875
1.5785500 -0.40020140 0.91565923
1.5786000 -0.47589996 0.87865372
1.5786500 -0.54796716 0.83555990
1.5787000 -0.61593396 0.78674245
1.5787500 -0.67936763 0.73259966
1.5788000 -0.73787391 0.67355991
1.5788500 -0.79109876 0.61007810
1.5789000 -0.83872982 0.54263196
1.5789500 -0.88049760 0.47171833
1.5790000 -0.91617628 0.39784946
1.5790500 -0.94558427 0.32154924
1.5791000 -0.96858440 0.24334950
1.5791500 -0.98508389 0.16378636
1.5792000 -0.99503390 0.083396624
1.5792500 -0.99842897 0.0027143595
1.5793000 -0.99530604 -0.077732503
1.5793500 -0.98574335 -0.15742535
1.5794000 -0.96985906 -0.23585794
1.5794500 -0.94780969 -0.31253928
1.5795000 -0.91978839 -0.38699637
1.5795500 -0.88602303 -0.45877671
1.5796000 -0.84677415 -0.52745068
1.5796500 -0.80233277 -0.59261373
1.5797000 -0.75301801 -0.65388837
1.5797500 -0.69917467 -0.71092593
1.5798000 -0.64117066 -0.76340815
1.5798500 -0.57939432 -0.81104847
1.5799000 -0.51425172 -0.85359312
1.5799500 -0.44616396 -0.89082199
1.5800000 -0.37556443 -0.92254918
1.5800500 -0.30289612 -0.94862343
1.5801000 -0.22860899 -0.96892831
1.5801500 -0.15315739 -0.98338223
1.5802000 -0.076997550 -0.99193833
1.5802500 -0.00058507215 -0.99458423
1.5803000 0.075627474 -0.99134158
1.5803500 0.15119298 -0.98226558
1.5804000 0.22567217 -0.96744418
1.5804500 0.29863589 -0.94699722
1.5805000 0.36966732 -0.92107536
1.5805500 0.43836409 -0.88985879
1.5806000 0.50434018 -0.85355583
1.5806500 0.56722768 -0.81240141
1.5807000 0.62667834 -0.76665554
1.5807500 0.68236498 -0.71660165
1.5808000 0.73398278 -0.66254503
1.5808500 0.78125046 -0.60481133
1.5809000 0.82391141 -0.54374488
1.5809500 0.86173488 -0.47970720
1.5810000 0.89451704 -0.41307522
1.5810500 0.92208203 -0.34423952
1.5811000 0.94428293 -0.27360235
1.5811500 0.96100248 -0.20157559
1.5812000 0.97215364 -0.12857862
1.5812500 0.97767993 -0.055036216
1.5813000 0.97755552 0.018623463
1.5813500 0.97178533 0.091970722
1.5814000 0.96040496 0.16457607
1.5814500 0.94348085 0.23601184
1.5815000 0.92111048 0.30585386
1.5815500 0.89342275 0.37368326
1.5816000 0.86057833 0.43908855
1.5816500 0.82276995 0.50166800
1.5817000 0.78022237 0.56103234
1.5817500 0.73319200 0.61680759
1.5818000 0.68196594 0.66863794
1.5818500 0.62686073 0.71618833
1.5819000 0.56822081 0.75914673
1.5819500 0.50641697 0.79722608
1.5820000 0.44184508 0.83016596
1.5820500 0.37492513 0.85773432
1.5821000 0.30610052 0.87972967
1.5821500 0.23583745 0.89598384
1.5822000 0.16462372 0.90636563
1.5822500 0.092966715 0.91078503
1.5823000 0.021390017 0.90919768
1.5823500 -0.049571471 0.90160894
1.5824000 -0.11937764 0.88807687
1.5824500 -0.18749003 0.86871374
1.5825000 -0.25337865 0.84368577
1.5825500 -0.31652810 0.81321161
1.5826000 -0.37644240 0.77756010
1.5826500 -0.43264881 0.73704819
1.5827000 -0.48470103 0.69203983
1.5827500 -0.53218294 0.64294589
1.5828000 -0.57471381 0.59022474
1.5828500 -0.61195565 0.53438232
1.5829000 -0.64362274 0.47597019
1.5829500 -0.66949209 0.41558041
1.5830000 -0.68941342 0.35383634
1.5830500 -0.70331660 0.29137983
1.5831000 -0.71121492 0.22885616
1.5831500 -0.71320354 0.16689871
1.5832000 -0.70945369 0.10611569
1.5832500 -0.70020428 0.047080330
1.5833000 -0.68575302 -0.0096749640
1.5833500 -0.66644918 -0.063661696
1.5834000 -0.64268882 -0.11443738
1.5834500 -0.61491183 -0.16160879
1.5835000 -0.58359938 -0.20483765
1.5835500 -0.54926926 -0.24384865
1.5836000 -0.51246740 -0.27843817
1.5836500 -0.47375503 -0.30848129
1.5837000 -0.43369262 -0.33393454
1.5837500 -0.39282297 -0.35483286
1.5838000 -0.35165655 -0.37128083
1.5838500 -0.31066148 -0.38344012
1.5839000 -0.27025927 -0.39151598
1.5839500 -0.23082554 -0.39574567
1.5840000 -0.19269333 -0.39639082
1.5840500 -0.15615641 -0.39373376
1.5841000 -0.12147014 -0.38807644
1.5841500 -0.088849199 -0.37973945
1.5842000 -0.058462878 -0.36905867
1.5842500 -0.030430366 -0.35637821
1.5843000 -0.0048184845 -0.34204002
1.5843500 0.018356050 -0.32637186
1.5844000 0.039119358 -0.30967673
1.5844500 0.057529362 -0.29222611
1.5845000 0.073663610 -0.27425878
1.5845500 0.087609007 -0.25598482
1.5846000 0.099455892 -0.23759298
1.5846500 0.10929738 -0.21925841
1.5847000 0.11723311 -0.20114781
1.5847500 0.12337498 -0.18342007
1.5848000 0.12785190 -0.16622217
1.5848500 0.13081087 -0.14968179
1.5849000 0.13241305 -0.13389941
1.5849500 0.13282527 -0.11894294
1.5850000 0.13220916 -0.10484715
1.5850500 0.13071080 -0.091618584
1.5851000 0.12845386 -0.079244961
1.5851500 0.12553825 -0.067706508
1.5852000 0.12204436 -0.056986028
1.5852500 0.11804142 -0.047074961
1.5853000 0.11359711 -0.037973932
1.5853500 0.10878538 -0.029688037
1.5854000 0.10368993 -0.022218763
1.5854500 0.098402287 -0.015555461
1.5855000 0.093015215 -0.0096693680
1.5855500 0.087613531 -0.0045123361
1.5856000 0.082265444 -2.0860556E-005
1.5856500 0.077017134 0.0038756718
1.5857000 0.071892379 0.0072449555
1.5857500 0.066897397 0.010142941
1.5858000 0.062029439 0.012608802
1.5858500 0.057286542 0.014665087
1.5859000 0.052675509 0.016322838
1.5859500 0.048215793 0.017589933
1.5860000 0.043938251 0.018479965
1.5860500 0.039879334 0.019018847
1.5861000 0.036072683 0.019247120
1.5861500 0.032540830 0.019217268
1.5862000 0.029289664 0.018986945
1.5862500 0.026307363 0.018610237
1.5863000 0.023568134 0.018129668
1.5863500 0.021039564 0.017571364
1.5864000 0.018691342 0.016944787
1.5864500 0.016502708 0.016247017
1.5865000 0.014466437 0.015470155
1.5865500 0.012588292 0.014609523
1.5866000 0.010882275 0.013670131
1.5866500 0.0093632933 0.012669474
1.5867000 0.0080396145 0.011635929
1.5867500 0.0069074845 0.010603353
1.5868000 0.0059495597 0.0096036858
1.5868500 0.0051375821 0.0086599130
1.5869000 0.0044383988 0.0077815914
1.5869500 0.0038214080 0.0069642956
1.5870000 0.0032651078 0.0061930977
1.5870500 0.0027607471 0.0054489404
1.5871000 0.0023120172 0.0047158839
1.5871500 0.0019309707 0.0039869769
1.5872000 0.0016315216 0.0032669695
1.5872500 0.0014226104 0.0025711037
1.5873000 0.0013031809 0.0019204485
1.5873500 0.0012605141 0.0013353222
1.5874000 0.0012723896 0.00082891208
1.5874500 0.0013123367 0.00040311017
1.5875000 0.0013562800 4.7859045E-005
1.5875500 0.0013884659 -0.00025581753
1.5876000 0.0014048074 -0.00053008518
1.5876500 0.0014126129 -0.00079369708
1.5877000 0.0014268148 -0.0010566069
1.5877500 0.0014639140 -0.0013174872
1.5878000 0.0015355735 -0.0015649199
1.5878500 0.0016439007 -0.0017818620
1.5879000 0.0017799198 -0.0019519574
1.5879500 0.0019257339 -0.0020656760
1.5880000 0.0020597080 -0.0021243098
1.5880500 0.0021630465 -0.0021405197
1.5881000 0.0022256852 -0.0021352010
1.5881500 0.0022496071 -0.0021315939
1.5882000 0.0022484755 -0.0021484411
1.5882500 0.0022436122 -0.0021943200
1.5883000 0.0022574861 -0.0022649472
1.5883500 0.0023066684 -0.0023443632
1.5884000 0.0023964109 -0.0024097260
1.5884500 0.0025185450 -0.0024383295
1.5885000 0.0026534134 -0.0024147599
1.5885500 0.0027753358 -0.0023360264
1.5886000 0.0028600332 -0.0022130776
1.5886500 0.0028918201 -0.0020681800
1.5887000 0.0028684122 -0.0019288654
1.5887500 0.0028018800 -0.0018201908
1.5888000 0.0027154058 -0.0017575735
1.5888500 0.0026367409 -0.0017423248
1.5889000 0.0025902431 -0.0017612246
1.5889500 0.0025898090 -0.0017903062
1.5890000 0.0026347689 -0.0018017846
1.5890500 0.0027099580 -0.0017721366
1.5891000 0.0027899628 -0.0016889978
1.5891500 0.0028463306 -0.0015548799
1.5892000 0.0028556648 -0.0013866334
1.5892500 0.0028062786 -0.0012108141
1.5893000 0.0027015003 -0.0010562945
1.5893500 0.0025586986 -0.00094625082
1.5894000 0.0024043363 -0.00089182437
1.5894500 0.0022665007 -0.00088925314
1.5895000 0.0021670718 -0.00092125746
1.5895500 0.0021157679 -0.00096223018
1.5896000 0.0021077427 -0.00098569502
1.5896500 0.0021253609 -0.00097186789
1.5897000 0.0021435715 -0.00091316080
1.5897500 0.0021372727 -0.00081609765
1.5898000 0.0020885243 -0.00069917164
1.5898500 0.0019915488 -0.00058735057
1.5899000 0.0018541489 -0.00050488493
1.5899500 0.0016952321 -0.00046852216
1.5900000 0.0015392666 -0.00048305873
1.5900500 0.0014093555 -0.00054043214
1.5901000 0.0013209706 -0.00062249346
1.5901500 0.0012781293 -0.00070652540
1.5902000 0.0012730302 -0.00077179863
1.5902500 0.0012891138 -0.00080520974
1.5903000 0.0013065034 -0.00080438029
1.5903500 0.0013081089 -0.00077740498
1.5904000 0.0012845355 -0.00073946563
1.5904500 0.0012363550 -0.00070746620
1.5905000 0.0011731427 -0.00069441100
1.5905500 0.0011096891 -0.00070528098
1.5906000 0.0010606546 -0.00073566101
1.5906500 0.0010353965 -0.00077349358
1.5907000 0.0010346182 -0.00080335424
1.5907500 0.0010499057 -0.00081186013
1.5908000 0.0010663029 -0.00079247266
1.5908500 0.0010671269 -0.00074814436
1.5909000 0.0010395134 -0.00069092740
1.5909500 0.00097893875 -0.00063860412
1.5910000 0.00089126116 -0.00060933012
1.5910500 0.00079156834 -0.00061591479
1.5911000 0.00070009109 -0.00066150808
1.5911500 0.00063634958 -0.00073806810
1.5912000 0.00061326347 -0.00082816659
1.5912500 0.00063300764 -0.00090969083
1.5913000 0.00068591027 -0.00096211888
1.5913500 0.00075280912 -0.00097254505
1.5914000 0.00081026340 -0.00093966821
1.5914500 0.00083716261 -0.00087452099
1.5915000 0.00082083681 -0.00079765255
1.5915500 0.00076088516 -0.00073350853
1.5916000 0.00066957623 -0.00070357881
1.5916500 0.00056865027 -0.00072026121
1.5917000 0.00048338922 -0.00078320597
1.5917500 0.00043561387 -0.00087920985
1.5918000 0.00043758739 -0.00098571995
1.5918500 0.00048855656 -0.0010769769
1.5919000 0.00057491642 -0.0011310712
1.5919500 0.00067395494 -0.0011359245
1.5920000 0.00076011753 -0.0010925145
1.5920500 0.00081201957 -0.0010144471
1.5921000 0.00081823078 -0.00092402032
1.5921500 0.00078021577 -0.00084591607
1.5922000 0.00071163373 -0.00080032008
1.5922500 0.00063423970 -0.00079741374
1.5923000 0.00057159098 -0.00083477219
1.5923500 0.00054237042 -0.00089835831
1.5924000 0.00055522254 -0.00096677070
1.5924500 0.00060653991 -0.0010174829
1.5925000 0.00068177366 -0.0010332625
1.5925500 0.00075982562 -0.0010069368
1.5926000 0.00081920477 -0.00094317691
1.5926500 0.00084414725 -0.00085684932
1.5927000 0.00082894074 -0.00076848035
1.5927500 0.00077924277 -0.00069820125
1.5928000 0.00071007209 -0.00065995766
1.5928500 0.00064112213 -0.00065766069
1.5929000 0.00059081297 -0.00068436548
1.5929500 0.00057084384 -0.00072466487
1.5930000 0.00058283717 -0.00075954487
1.5930500 0.00061803230 -0.00077223872
1.5931000 0.00066008293 -0.00075334181
1.5931500 0.00069010227 -0.00070368435
1.5932000 0.00069244897 -0.00063413080
1.5932500 0.00065954200 -0.00056238202
1.5933000 0.00059428947 -0.00050773408
1.5933500 0.00050942292 -0.00048533949
1.5934000 0.00042393710 -0.00050165333
1.5934500 0.00035767811 -0.00055239280
1.5935000 0.00032565623 -0.00062360024
1.5935500 0.00033373166 -0.00069549544
1.5936000 0.00037691358 -0.00074799651
1.5936500 0.00044074901 -0.00076631365
1.5937000 0.00050538256 -0.00074501114
1.5937500 0.00055110089 -0.00068938839
1.5938000 0.00056376059 -0.00061381535
1.5938500 0.00053854889 -0.00053753866
1.5939000 0.00048102669 -0.00047919770
1.5939500 0.00040520153 -0.00045164548
1.5940000 0.00032923988 -0.00045855827
1.5940500 0.00027010282 -0.00049377813
1.5941000 0.00023868242 -0.00054352446
1.5941500 0.00023684623 -0.00059077358
1.5942000 0.00025721956 -0.00062048237
1.5942500 0.00028572113 -0.00062410346
1.5943000 0.00030605876 -0.00060206812
1.5943500 0.00030482368 -0.00056352749
1.5944000 0.00027565911 -0.00052346003
1.5944500 0.00022126678 -0.00049803158
1.5945000 0.00015266428 -0.00049960665
1.5945500 8.5925843E-005 -0.00053290495
1.5946000 3.7385572E-005 -0.00059345224
1.5946500 1.8737526E-005 -0.00066879018
1.5947000 3.3497006E-005 -0.00074208987
1.5947500 7.5885136E-005 -0.00079709974
1.5948000 0.00013248217 -0.00082295897
1.5948500 0.00018617539 -0.00081744206
1.5949000 0.00022124537 -0.00078765723
1.5949500 0.00022809023 -0.00074796814
1.5950000 0.00020618353 -0.00071572670
1.5950500 0.00016437014 -0.00070605464
1.5951000 0.00011837921 -0.00072720280
1.5951500 8.6248666E-005 -0.00077786230
1.5952000 8.2974074E-005 -0.00084724526
1.5952500 0.00011593502 -0.00091795298
1.5953000 0.00018244316 -0.00097083906
1.5953500 0.00027015511 -0.00099048749
1.5954000 0.00036027348 -0.00096973365
1.5954500 0.00043265501 -0.00091191578
1.5955000 0.00047138913 -0.00083018383
1.5955500 0.00046926304 -0.00074402932
1.5956000 0.00042983534 -0.00067399391
1.5956500 0.00036651266 -0.00063603942
1.5957000 0.00029887184 -0.00063716545
1.5957500 0.00024725151 -0.00067351375
1.5958000 0.00022712911 -0.00073149810
1.5958500 0.00024486233 -0.00079164458
1.5959000 0.00029598846 -0.00083406244
1.5959500 0.00036655322 -0.00084400752
1.5960000 0.00043708599 -0.00081597758
1.5960500 0.00048809433 -0.00075519782
1.5961000 0.00050552869 -0.00067609444
1.5961500 0.00048468454 -0.00059820417
1.5962000 0.00043145923 -0.00054068610
1.5962500 0.00036063315 -0.00051698727
1.5963000 0.00029168533 -0.00053115718
1.5963500 0.00024334345 -0.00057682842
1.5964000 0.00022841280 -0.00063911936
1.5964500 0.00025033390 -0.00069888792
1.5965000 0.00030241374 -0.00073810826
1.5965500 0.00036990895 -0.00074483991
1.5966000 0.00043432984 -0.00071639287
1.5966500 0.00047871293 -0.00065982208
1.5967000 0.00049235145 -0.00058965373
1.5967500 0.00047364698 -0.00052353482
1.5968000 0.00043029898 -0.00047707996
1.5968500 0.00037681865 -0.00045940182
1.5969000 0.00033011934 -0.00047059796
1.5969500 0.00030447756 -0.00050189038
1.5970000 0.00030732467 -0.00053834547
1.5970500 0.00033707487 -0.00056336131
1.5971000 0.00038359784 -0.00056360923
1.5971500 0.00043117719 -0.00053299792
1.5972000 0.00046308251 -0.00047452237
1.5972500 0.00046642458 -0.00039947794
1.5973000 0.00043589291 -0.00032428231
1.5973500 0.00037530619 -0.00026583480
1.5974000 0.00029654415 -0.00023675654
1.5974500 0.00021618513 -0.00024187915
1.5975000 0.00015083204 -0.00027698056
1.5975500 0.00011247856 -0.00033011198
1.5976000 0.00010524620 -0.00038511177
1.5976500 0.00012441662 -0.00042627487
1.5977000 0.00015801475 -0.00044282118
1.5977500 0.00019045941 -0.00043187546
1.5978000 0.00020720359 -0.00039911127
1.5978500 0.00019900783 -0.00035689489
1.5979000 0.00016460528 -0.00032049203
1.5979500 0.00011099256 -0.00030346064
1.5980000 5.1276144E-005 -0.00031358480
1.5980500 7.1866730E-007 -0.00035054209
1.5981000 -2.7845474E-005 -0.00040598656
1.5981500 -2.7871529E-005 -0.00046602072
1.5982000 -1.1002439E-006 -0.00051532915
1.5982500 4.2909252E-005 -0.00054175560
1.5983000 8.9585269E-005 -0.00053996990
1.5983500 0.00012367497 -0.00051313010
1.5984000 0.00013383254 -0.00047202600
1.5984500 0.00011610694 -0.00043192605
1.5985000 7.5278714E-005 -0.00040802710
1.5985500 2.3612590E-005 -0.00041082975
1.5986000 -2.2657164E-005 -0.00044280457
1.5986500 -4.8122576E-005 -0.00049736081
1.5987000 -4.2900279E-005 -0.00056047718
1.5987500 -5.8535828E-006 -0.00061458710
1.5988000 5.4642656E-005 -0.00064364854
1.5988500 0.00012268837 -0.00063796250
1.5989000 0.00017910622 -0.00059734280
1.5989500 0.00020680328 -0.00053167797
1.5990000 0.00019575465 -0.00045864512
1.5990500 0.00014618901 -0.00039913551
1.5991000 6.9029923E-005 -0.00037160823
1.5991500 -1.6606750E-005 -0.00038691410
1.5992000 -8.8243957E-005 -0.00044503315
1.5992500 -0.00012593261 -0.00053466635
1.5993000 -0.00011761570 -0.00063585334
1.5993500 -6.2505021E-005 -0.00072496229
1.5994000 2.8468636E-005 -0.00078074384
1.5994500 0.00013528636 -0.00078984051
1.5995000 0.00023387675 -0.00075027822
1.5995500 0.00030223009 -0.00067200464
1.5996000 0.00032597420 -0.00057432959
1.5996500 0.00030194217 -0.00048095278
1.5997000 0.00023880647 -0.00041390511
1.5997500 0.00015464358 -0.00038800875
1.5998000 7.2113889E-005 -0.00040730543
1.5998500 1.2567302E-005 -0.00046435693
1.5999000 -9.3503904E-006 -0.00054254019
1.5999500 1.0819705E-005 -0.00062065736
1.6000000 6.6644717E-005 -0.00067857688
